coretemp-isa-0000
Adapter: ISA adapter
Package id 0:  +60.0°C  (high = +100.0°C, crit = +100.0°C)
Core 0:        +60.0°C  (high = +100.0°C, crit = +100.0°C)
Core 1:        +60.0°C  (high = +100.0°C, crit = +100.0°C)

dell_smm-virtual-0
Adapter: Virtual device
Processor Fan: 2902 RPM
CPU:            +60.0°C  
Ambient:        +51.0°C  
GPU:            +45.0°C  

BAT0-acpi-0
Adapter: ACPI interface
in0:          15.22 V  
curr1:       882.00 mA 

radeon-pci-0100
Adapter: PCI adapter
temp1:            N/A  (crit = +120.0°C, hyst = +90.0°C)

iwlwifi_1-virtual-0
Adapter: Virtual device
temp1:        +44.0°C  

pch_skylake-virtual-0
Adapter: Virtual device
temp1:        +51.5°C  

acpitz-acpi-0
Adapter: ACPI interface
temp1:        +25.0°C  (crit = +107.0°C)

%MEM   RSS  SIZE    VSZ
 1.4 113328 110128 115812
13.7 1105176 1101844 1107528
15.1 1215008 1211656 1217340
15.1 1215008 1211656 1217340
15.1 1215008 1211656 1217340
15.1 1215008 1211656 1217340
15.1 1215008 1211656 1217340
15.1 1215008 1211656 1217340
15.1 1215008 1211656 1217340
15.1 1215008 1211656 1217340
15.1 1215008 1211656 1217340
15.1 1215008 1211656 1217340
15.1 1215008 1211656 1217340
15.1 1215008 1211656 1217340
15.1 1215008 1211656 1217340
15.1 1215008 1211656 1217340
15.1 1215008 1211656 1217340
15.1 1215008 1211656 1217340
15.1 1215008 1211656 1217340
15.1 1215008 1211656 1217340
15.1 1215008 1211656 1217340
15.1 1215008 1211656 1217340
15.1 1215008 1211656 1217340
15.1 1215008 1211656 1217340
15.1 1215008 1211656 1217340
15.1 1215008 1211656 1217340
15.1 1215008 1211656 1217340
15.1 1215008 1211656 1217340
15.1 1215008 1211656 1217340
15.1 1215008 1211656 1217340
15.1 1215008 1211656 1217340
15.1 1215008 1211656 1217340
15.1 1215008 1211656 1217340
15.1 1215008 1211656 1217340
15.1 1215008 1211656 1217340
15.1 1215008 1211656 1217340
15.1 1215008 1211656 1217340
15.1 1215008 1211656 1217340
15.1 1215008 1211656 1217340
15.1 1215008 1211656 1217340
15.1 1215008 1211656 1217340
15.1 1215008 1211656 1217340
15.1 1215008 1211656 1217340
15.1 1215008 1211656 1217340
15.1 1215136 1211784 1217468
15.1 1215136 1211784 1217468
15.1 1215136 1211784 1217468
15.1 1215136 1211784 1217468
15.1 1215136 1211784 1217468
15.1 1215136 1211784 1217468
15.1 1215136 1211784 1217468
15.1 1215136 1211784 1217468
15.1 1215136 1211784 1217468
15.1 1215136 1211784 1217468
15.1 1215136 1211784 1217468
15.1 1215136 1211784 1217468
15.1 1215136 1211784 1217468
15.1 1215136 1211784 1217468
15.1 1215136 1211784 1217468
15.1 1215136 1211784 1217468
15.1 1215136 1211784 1217468
15.1 1215136 1211784 1217468
15.1 1215136 1211784 1217468
15.1 1215136 1211784 1217468
