coretemp-isa-0000
Adapter: ISA adapter
Package id 0:  +48.0°C  (high = +100.0°C, crit = +100.0°C)
Core 0:        +48.0°C  (high = +100.0°C, crit = +100.0°C)
Core 1:        +47.0°C  (high = +100.0°C, crit = +100.0°C)

dell_smm-virtual-0
Adapter: Virtual device
Processor Fan: 2884 RPM
CPU:            +50.0°C  
Ambient:        +46.0°C  
GPU:            +45.0°C  

BAT0-acpi-0
Adapter: ACPI interface
in0:          16.61 V  
curr1:       1000.00 uA 

radeon-pci-0100
Adapter: PCI adapter
temp1:            N/A  (crit = +120.0°C, hyst = +90.0°C)

iwlwifi_1-virtual-0
Adapter: Virtual device
temp1:        +49.0°C  

pch_skylake-virtual-0
Adapter: Virtual device
temp1:        +46.0°C  

acpitz-acpi-0
Adapter: ACPI interface
temp1:        +25.0°C  (crit = +107.0°C)

%MEM   RSS  SIZE    VSZ
 0.0  5948  2416   8100
 0.0  5948  2416   8100
 0.0  5948  2416   8100
 0.0  5948  2416   8100
 0.0  5948  2416   8100
 0.0  5948  2416   8100
 0.0  5948  2416   8100
 0.0  5948  2416   8100
 0.0  5948  2416   8100
 0.0  5948  2416   8100
 0.0  5948  2416   8100
 0.0  5948  2416   8100
 0.0  5948  2416   8100
 0.0  5948  2416   8100
 0.0  5948  2416   8100
 0.0  5816  2416   8100
 0.0  5816  2416   8100
 0.0  5816  2416   8100
 0.0  5816  2416   8100
 0.0  5816  2416   8100
 0.0  5816  2416   8100
 0.0  5816  2416   8100
 0.0  5816  2416   8100
 0.0  5816  2416   8100
 0.0  5816  2416   8100
 0.0  5816  2416   8100
 0.0  5816  2416   8100
 0.0  5816  2548   8232
 0.0  5816  2548   8232
 0.0  5816  2548   8232
 0.0  5816  2548   8232
 0.0  5816  2548   8232
 0.0  5816  2548   8232
 0.0  5816  2548   8232
 0.0  5816  2548   8232
 0.0  5816  2548   8232
 0.0  5816  2548   8232
 0.0  5816  2548   8232
 0.0  5816  2548   8232
 0.0  5816  2548   8232
 0.0  5816  2548   8232
 0.0  5816  2548   8232
 0.0  5816  2548   8232
 0.0  5816  2548   8232
 0.0  5816  2548   8232
 0.0  5816  2548   8232
 0.0  5816  2548   8232
 0.0  5816  2548   8232
 0.0  5816  2548   8232
 0.0  5816  2548   8232
 0.0  5816  2548   8232
 0.0  5816  2548   8232
 0.0  5816  2548   8232
 0.0  5816  2548   8232
 0.0  5816  2548   8232
 0.0  5816  2548   8232
 0.0  5816  2548   8232
 0.0  5816  2548   8232
 0.0  5816  2548   8232
 0.0  5816  2548   8232
 0.0  5816  2548   8232
 0.0  5816  2548   8232
 0.0  5816  2548   8232
 0.0  5816  2548   8232
 0.0  5816  2548   8232
 0.0  5816  2548   8232
 0.0  5816  2548   8232
 0.0  5816  2548   8232
 0.0  5816  2548   8232
 0.0  5816  2548   8232
 0.0  5816  2548   8232
 0.0  5816  2548   8232
 0.0  5816  2548   8232
 0.0  5816  2548   8232
 0.0  5816  2548   8232
 0.0  5816  2548   8232
 0.0  5816  2548   8232
 0.0  5816  2548   8232
 0.0  5816  2548   8232
 0.0  5816  2548   8232
 0.0  5816  2548   8232
 0.0  5816  2548   8232
 0.0  5816  2548   8232
 0.0  5816  2548   8232
 0.0  5816  2548   8232
 0.0  5816  2548   8232
 0.0  5816  2548   8232
 0.0  5816  2548   8232
 0.0  5816  2548   8232
 0.0  5816  2548   8232
 0.0  5816  2548   8232
 0.0  5816  2548   8232
 0.0  5816  2548   8232
 0.0  5816  2548   8232
 0.0  5816  2548   8232
 0.0  5816  2548   8232
 0.0  5816  2548   8232
 0.0  5816  2548   8232
 0.0  5816  2548   8232
 0.0  5816  2548   8232
 0.0  5816  2548   8232
 0.0  5816  2548   8232
 0.0  5816  2548   8232
 0.0  5816  2548   8232
 0.0  5816  2548   8232
 0.0  5816  2548   8232
 0.0  5816  2548   8232
 0.0  5816  2548   8232
 0.0  5816  2548   8232
 0.0  5816  2548   8232
 0.0  5816  2548   8232
 0.0  5816  2548   8232
 0.0  5816  2548   8232
 0.0  5816  2548   8232
 0.0  5816  2548   8232
 0.0  5816  2548   8232
 0.0  5816  2548   8232
 0.0  5816  2548   8232
 0.0  5816  2548   8232
 0.0  5816  2548   8232
 0.0  5816  2548   8232
 0.0  5816  2548   8232
 0.0  5816  2548   8232
 0.0  5816  2548   8232
 0.0  5816  2548   8232
 0.0  5816  2548   8232
 0.0  5816  2548   8232
 0.0  5816  2548   8232
 0.0  5816  2548   8232
 0.0  5816  2548   8232
 0.0  5816  2548   8232
 0.0  5816  2548   8232
 0.0  5816  2548   8232
 0.0  5816  2548   8232
 0.0  5816  2548   8232
 0.0  5816  2548   8232
 0.0  5816  2548   8232
 0.0  5816  2548   8232
 0.0  5816  2548   8232
 0.0  5816  2548   8232
 0.0  5816  2548   8232
 0.0  5816  2548   8232
 0.0  5816  2548   8232
 0.0  5816  2548   8232
 0.0  5816  2548   8232
 0.0  5816  2548   8232
 0.0  5816  2548   8232
 0.0  5816  2548   8232
 0.0  5816  2548   8232
 0.0  5816  2548   8232
 0.0  5816  2548   8232
 0.0  5816  2548   8232
 0.0  5816  2548   8232
 0.0  5816  2548   8232
 0.0  5816  2548   8232
 0.0  5816  2548   8232
 0.0  5816  2548   8232
 0.0  5816  2548   8232
 0.0  5816  2548   8232
 0.0  5816  2548   8232
 0.0  5816  2548   8232
 0.0  5816  2548   8232
 0.0  5816  2548   8232
 0.0  5816  2548   8232
 0.0  5816  2548   8232
 0.0  5816  2548   8232
 0.0  5816  2548   8232
 0.0  5816  2548   8232
 0.0  5816  2548   8232
 0.0  5816  2548   8232
 0.0  5816  2548   8232
 0.0  5816  2548   8232
 0.0  5816  2548   8232
 0.0  5816  2548   8232
 0.0  5816  2548   8232
 0.0  5816  2548   8232
 0.0  5816  2548   8232
 0.0  5816  2548   8232
 0.0  5816  2548   8232
 0.0  5816  2548   8232
 0.0  5816  2548   8232
 0.0  5816  2548   8232
 0.0  5816  2548   8232
 0.0  5816  2548   8232
 0.0  5816  2548   8232
 0.0  5816  2548   8232
 0.0  5816  2548   8232
 0.0  5816  2548   8232
 0.0  5816  2548   8232
 0.0  5816  2548   8232
 0.0  5816  2548   8232
 0.0  5816  2548   8232
 0.0  5816  2548   8232
 0.0  5816  2548   8232
 0.0  5816  2548   8232
 0.0  5816  2548   8232
 0.0  5816  2548   8232
 0.0  5816  2548   8232
 0.0  5816  2548   8232
 0.0  5816  2548   8232
 0.0  5816  2548   8232
 0.0  5816  2548   8232
 0.0  5816  2548   8232
 0.0  5816  2548   8232
 0.0  5816  2548   8232
 0.0  5816  2548   8232
 0.0  5816  2548   8232
 0.0  5816  2548   8232
 0.0  5816  2548   8232
 0.0  5816  2548   8232
 0.0  5816  2548   8232
 0.0  5816  2548   8232
 0.0  5816  2548   8232
 0.0  5816  2548   8232
 0.0  5816  2548   8232
 0.0  5816  2548   8232
 0.0  5816  2548   8232
 0.0  5816  2548   8232
 0.0  5816  2548   8232
 0.0  5816  2548   8232
 0.0  5816  2548   8232
 0.0  5816  2548   8232
 0.0  5816  2548   8232
 0.0  5816  2548   8232
 0.0  5816  2548   8232
 0.0  5816  2548   8232
 0.0  5816  2548   8232
 0.0  5816  2548   8232
 0.0  5816  2548   8232
 0.0  5816  2548   8232
 0.0  5816  2548   8232
 0.0  5816  2548   8232
 0.0  5816  2548   8232
 0.0  5816  2548   8232
 0.0  5816  2548   8232
 0.0  5816  2548   8232
 0.0  5816  2548   8232
 0.0  5816  2548   8232
 0.0  5816  2548   8232
 0.0  5816  2548   8232
 0.0  5816  2548   8232
 0.0  5816  2548   8232
 0.0  5816  2548   8232
 0.0  5816  2548   8232
 0.0  5816  2548   8232
 0.0  5816  2548   8232
 0.0  5816  2548   8232
 0.0  5816  2548   8232
 0.0  5816  2548   8232
 0.0  5816  2548   8232
 0.0  5816  2548   8232
 0.0  5816  2548   8232
 0.0  5816  2548   8232
 0.0  5816  2548   8232
 0.0  5816  2548   8232
 0.0  5816  2548   8232
 0.0  5816  2548   8232
 0.0  5816  2548   8232
 0.0  5816  2548   8232
 0.0  5816  2548   8232
 0.0  5816  2548   8232
 0.0  5816  2548   8232
 0.0  5816  2548   8232
 0.0  5816  2548   8232
 0.0  5816  2548   8232
 0.0  5816  2548   8232
 0.0  5816  2548   8232
 0.0  5816  2548   8232
 0.0  5816  2548   8232
 0.0  5816  2548   8232
 0.0  5816  2548   8232
 0.0  5816  2548   8232
 0.0  5816  2548   8232
 0.0  5816  2548   8232
 0.0  5816  2548   8232
 0.0  5816  2548   8232
 0.0  5816  2548   8232
 0.0  5816  2548   8232
 0.0  5816  2548   8232
 0.0  5816  2548   8232
 0.0  5816  2548   8232
 0.0  5816  2548   8232
 0.0  5816  2548   8232
 0.0  5816  2548   8232
 0.0  5816  2548   8232
 0.0  5816  2548   8232
 0.0  5816  2548   8232
 0.0  5816  2548   8232
 0.0  5816  2548   8232
 0.0  5816  2548   8232
 0.0  5816  2548   8232
 0.0  5816  2548   8232
 0.0  5816  2548   8232
 0.0  5816  2548   8232
 0.0  5816  2548   8232
 0.0  5816  2548   8232
 0.0  5816  2548   8232
 0.0  5816  2548   8232
 0.0  5772  2548   8232
 0.0  5756  2548   8232
 0.0  5756  2548   8232
 0.0  5756  2548   8232
 0.0  5756  2548   8232
 0.0  5756  2548   8232
 0.0  5756  2548   8232
 0.0  5756  2548   8232
 0.0  5756  2548   8232
 0.0  5756  2548   8232
 0.0  5756  2548   8232
 0.0  5756  2548   8232
 0.0  5756  2548   8232
 0.0  5756  2548   8232
 0.0  5756  2548   8232
 0.0  5756  2548   8232
 0.0  5756  2548   8232
 0.0  5756  2548   8232
 0.0  5756  2548   8232
 0.0  5756  2548   8232
 0.0  5756  2548   8232
 0.0  5756  2548   8232
 0.0  5756  2548   8232
 0.0  5756  2548   8232
 0.0  5756  2548   8232
 0.0  5756  2548   8232
 0.0  5756  2548   8232
 0.0  5756  2548   8232
 0.0  5756  2548   8232
 0.0  5756  2548   8232
 0.0  5756  2548   8232
 0.0  5756  2548   8232
 0.0  5756  2548   8232
 0.0  5756  2548   8232
 0.0  5756  2548   8232
 0.0  5756  2548   8232
 0.0  5756  2548   8232
 0.0  5756  2548   8232
 0.0  5756  2548   8232
 0.0  5756  2548   8232
 0.0  5756  2548   8232
 0.0  5756  2548   8232
 0.0  5756  2548   8232
 0.0  5756  2548   8232
 0.0  5756  2548   8232
 0.0  5756  2548   8232
 0.0  5756  2548   8232
 0.0  5756  2548   8232
 0.0  5756  2548   8232
 0.0  5756  2548   8232
 0.0  5756  2548   8232
 0.0  5756  2548   8232
 0.0  5756  2548   8232
 0.0  5756  2548   8232
 0.0  5756  2548   8232
 0.0  5756  2548   8232
 0.0  5756  2548   8232
 0.0  5756  2548   8232
 0.0  5756  2548   8232
 0.0  5756  2548   8232
 0.0  5756  2548   8232
 0.0  5756  2548   8232
 0.0  5756  2548   8232
 0.0  5756  2548   8232
 0.0  5756  2548   8232
 0.0  5756  2548   8232
 0.0  5756  2548   8232
 0.0  5756  2548   8232
 0.0  5756  2548   8232
 0.0  5756  2548   8232
 0.0  5756  2548   8232
 0.0  5756  2548   8232
 0.0  5756  2548   8232
 0.0  5756  2548   8232
 0.0  5756  2548   8232
 0.0  5756  2548   8232
 0.0  5756  2548   8232
 0.0  5756  2548   8232
 0.0  5756  2548   8232
 0.0  5756  2548   8232
 0.0  5756  2548   8232
 0.0  5756  2548   8232
 0.0  5756  2548   8232
 0.0  5756  2548   8232
 0.0  5756  2548   8232
 0.0  5756  2548   8232
 0.0  5756  2548   8232
 0.0  5756  2548   8232
 0.0  5756  2548   8232
 0.0  5756  2548   8232
 0.0  5756  2548   8232
 0.0  5756  2548   8232
 0.0  5756  2548   8232
 0.0  5756  2548   8232
 0.0  5756  2548   8232
 0.0  5756  2548   8232
 0.0  5756  2548   8232
 0.0  5756  2548   8232
 0.0  5756  2548   8232
 0.0  5756  2548   8232
 0.0  5756  2548   8232
 0.0  5756  2548   8232
 0.0  5756  2548   8232
 0.0  5756  2548   8232
 0.0  5756  2548   8232
 0.0  5756  2548   8232
 0.0  5756  2548   8232
 0.0  5756  2548   8232
 0.0  5756  2548   8232
 0.0  5756  2548   8232
 0.0  5756  2548   8232
 0.0  5756  2548   8232
 0.0  5756  2548   8232
 0.0  5756  2548   8232
 0.0  5756  2548   8232
 0.0  5756  2548   8232
 0.0  5756  2548   8232
 0.0  5756  2548   8232
 0.0  5756  2548   8232
 0.0  5756  2548   8232
 0.0  5756  2548   8232
 0.0  5756  2548   8232
 0.0  5756  2548   8232
 0.0  5756  2548   8232
 0.0  5756  2548   8232
 0.0  5756  2548   8232
 0.0  5756  2548   8232
 0.0  5756  2548   8232
 0.0  5756  2548   8232
 0.0  5756  2548   8232
 0.0  5756  2548   8232
 0.0  5756  2548   8232
 0.0  5756  2548   8232
 0.0  5756  2548   8232
 0.0  5756  2548   8232
 0.0  5756  2548   8232
 0.0  5756  2548   8232
 0.0  5756  2548   8232
 0.0  5756  2548   8232
 0.0  5756  2548   8232
 0.0  5756  2548   8232
 0.0  5756  2548   8232
 0.0  5756  2548   8232
 0.0  5756  2548   8232
 0.0  5756  2548   8232
 0.0  5756  2548   8232
 0.0  5756  2548   8232
 0.0  5756  2548   8232
 0.0  5756  2548   8232
 0.0  5756  2548   8232
 0.0  5756  2548   8232
 0.0  5756  2548   8232
 0.0  5756  2548   8232
 0.0  5756  2548   8232
 0.0  5756  2548   8232
 0.0  5756  2548   8232
 0.0  5756  2548   8232
 0.0  5756  2548   8232
 0.0  5756  2548   8232
 0.0  5756  2548   8232
 0.0  5756  2548   8232
 0.0  5756  2548   8232
 0.0  5756  2548   8232
 0.0  5756  2548   8232
 0.0  5756  2548   8232
 0.0  5756  2548   8232
 0.0  5756  2548   8232
 0.0  5756  2548   8232
 0.0  5756  2548   8232
 0.0  5756  2548   8232
 0.0  5756  2548   8232
 0.0  5756  2548   8232
 0.0  5756  2548   8232
 0.0  5756  2548   8232
 0.0  5756  2548   8232
 0.0  5756  2548   8232
 0.0  5756  2548   8232
 0.0  5756  2548   8232
 0.0  5756  2548   8232
 0.0  5756  2548   8232
 0.0  5756  2548   8232
 0.0  5756  2548   8232
 0.0  5756  2548   8232
 0.0  5756  2548   8232
 0.0  5756  2548   8232
 0.0  5756  2548   8232
 0.0  5756  2548   8232
 0.0  5756  2548   8232
 0.0  5756  2548   8232
 0.0  5756  2548   8232
 0.0  5756  2548   8232
 0.0  5756  2548   8232
 0.0  5756  2548   8232
 0.0  5756  2548   8232
 0.0  5756  2548   8232
 0.0  5756  2548   8232
 0.0  5756  2548   8232
 0.0  5756  2548   8232
 0.0  5756  2548   8232
 0.0  5756  2548   8232
 0.0  5756  2548   8232
 0.0  5756  2548   8232
 0.0  5756  2548   8232
 0.0  5756  2548   8232
 0.0  5756  2548   8232
 0.0  5756  2548   8232
 0.0  5756  2548   8232
 0.0  5756  2548   8232
 0.0  5756  2548   8232
 0.0  5756  2548   8232
 0.0  5756  2548   8232
 0.0  5756  2548   8232
 0.0  5756  2548   8232
 0.0  5756  2548   8232
 0.0  5756  2548   8232
 0.0  5756  2548   8232
 0.0  5756  2548   8232
 0.0  5756  2548   8232
 0.0  5756  2548   8232
 0.0  5756  2548   8232
 0.0  5756  2548   8232
 0.0  5756  2548   8232
 0.0  5756  2548   8232
 0.0  5756  2548   8232
 0.0  5756  2548   8232
 0.0  5756  2548   8232
 0.0  5756  2548   8232
 0.0  5756  2548   8232
 0.0  5756  2548   8232
 0.0  5756  2548   8232
 0.0  5756  2548   8232
 0.0  5756  2548   8232
 0.0  5756  2548   8232
 0.0  5756  2548   8232
 0.0  5756  2548   8232
 0.0  5756  2548   8232
 0.0  5756  2548   8232
 0.0  5756  2548   8232
 0.0  5756  2548   8232
 0.0  5756  2548   8232
 0.0  5756  2548   8232
 0.0  5756  2548   8232
 0.0  5756  2548   8232
 0.0  5756  2548   8232
 0.0  5756  2548   8232
 0.0  5756  2548   8232
 0.0  5756  2548   8232
 0.0  5756  2548   8232
 0.0  5756  2548   8232
 0.0  5756  2548   8232
 0.0  5756  2548   8232
 0.0  5756  2548   8232
 0.0  5756  2548   8232
 0.0  5756  2548   8232
 0.0  5756  2548   8232
 0.0  5756  2548   8232
 0.0  5756  2548   8232
 0.0  5756  2548   8232
 0.0  5756  2548   8232
 0.0  5756  2548   8232
 0.0  5756  2548   8232
 0.0  5756  2548   8232
 0.0  5756  2548   8232
 0.0  5756  2548   8232
 0.0  5756  2548   8232
 0.0  5756  2548   8232
 0.0  5756  2548   8232
 0.0  5756  2548   8232
 0.0  5756  2548   8232
 0.0  5756  2548   8232
 0.0  5756  2548   8232
 0.0  5756  2548   8232
 0.0  5756  2548   8232
 0.0  5756  2548   8232
 0.0  5756  2548   8232
 0.0  5756  2548   8232
 0.0  5756  2548   8232
 0.0  5756  2548   8232
 0.0  5756  2548   8232
 0.0  5756  2548   8232
 0.0  5756  2548   8232
 0.0  5756  2548   8232
 0.0  5756  2548   8232
 0.0  5756  2548   8232
 0.0  5756  2548   8232
 0.0  5756  2548   8232
 0.0  5756  2548   8232
 0.0  5756  2548   8232
 0.0  5756  2548   8232
 0.0  5756  2548   8232
 0.0  5756  2548   8232
 0.0  5756  2548   8232
 0.0  5756  2548   8232
 0.0  5756  2548   8232
 0.0  5756  2548   8232
 0.0  5756  2548   8232
 0.0  5756  2548   8232
 0.0  5756  2548   8232
 0.0  5756  2548   8232
 0.0  5756  2548   8232
 0.0  5756  2548   8232
 0.0  5756  2548   8232
 0.0  5756  2548   8232
 0.0  5756  2548   8232
 0.0  5756  2548   8232
 0.0  5756  2548   8232
 0.0  5756  2548   8232
 0.0  5756  2548   8232
 0.0  5756  2548   8232
 0.0  5756  2548   8232
 0.0  5756  2548   8232
 0.0  5756  2548   8232
 0.0  5756  2548   8232
 0.0  5756  2548   8232
 0.0  5756  2548   8232
 0.0  5756  2548   8232
 0.0  5756  2548   8232
 0.0  5756  2548   8232
 0.0  5756  2548   8232
 0.0  5756  2548   8232
 0.0  5756  2548   8232
 0.0  5756  2548   8232
 0.0  5756  2548   8232
 0.0  5756  2548   8232
 0.0  5756  2548   8232
 0.0  5756  2548   8232
 0.0  5756  2548   8232
 0.0  5756  2548   8232
 0.0  5756  2548   8232
 0.0  5756  2548   8232
 0.0  5756  2548   8232
 0.0  5756  2548   8232
 0.0  5756  2548   8232
 0.0  5756  2548   8232
 0.0  5756  2548   8232
 0.0  5756  2548   8232
 0.0  5756  2548   8232
 0.0  5756  2548   8232
 0.0  5756  2548   8232
 0.0  5756  2548   8232
 0.0  5756  2548   8232
 0.0  5756  2548   8232
 0.0  5756  2548   8232
 0.0  5756  2548   8232
 0.0  5756  2548   8232
 0.0  5756  2548   8232
 0.0  5756  2548   8232
 0.0  5756  2548   8232
 0.0  5756  2548   8232
 0.0  5756  2548   8232
 0.0  5756  2548   8232
 0.0  5756  2548   8232
 0.0  5756  2548   8232
 0.0  5756  2548   8232
 0.0  5756  2548   8232
 0.0  5756  2548   8232
 0.0  5756  2548   8232
 0.0  5756  2548   8232
 0.0  5756  2548   8232
 0.0  5756  2548   8232
 0.0  5756  2548   8232
 0.0  5756  2548   8232
 0.0  5756  2548   8232
 0.0  5756  2548   8232
 0.0  5756  2548   8232
 0.0  5756  2548   8232
 0.0  5756  2548   8232
 0.0  5756  2548   8232
 0.0  5756  2548   8232
 0.0  5756  2548   8232
 0.0  5756  2548   8232
 0.0  5756  2548   8232
 0.0  5756  2548   8232
 0.0  5756  2548   8232
 0.0  5756  2548   8232
 0.0  5756  2548   8232
 0.0  5756  2548   8232
 0.0  5756  2548   8232
 0.0  5756  2548   8232
 0.0  5756  2548   8232
 0.0  5756  2548   8232
 0.0  5756  2548   8232
 0.0  5756  2548   8232
 0.0  5756  2548   8232
 0.0  5756  2548   8232
 0.0  5756  2548   8232
 0.0  5756  2548   8232
 0.0  5756  2548   8232
 0.0  5756  2548   8232
 0.0  5756  2548   8232
 0.0  5756  2548   8232
 0.0  5756  2548   8232
 0.0  5756  2548   8232
 0.0  5756  2548   8232
 0.0  5756  2548   8232
 0.0  5756  2548   8232
 0.0  5756  2548   8232
 0.0  5756  2548   8232
 0.0  5756  2548   8232
 0.0  5756  2548   8232
 0.0  5756  2548   8232
 0.0  5756  2548   8232
 0.0  5756  2548   8232
 0.0  5756  2548   8232
 0.0  5756  2548   8232
 0.0  5756  2548   8232
 0.0  5756  2548   8232
 0.0  5756  2548   8232
 0.0  5756  2548   8232
 0.0  5756  2548   8232
 0.0  5756  2548   8232
 0.0  5756  2548   8232
 0.0  5756  2548   8232
 0.0  5756  2548   8232
 0.0  5756  2548   8232
 0.0  5756  2548   8232
 0.0  5756  2548   8232
 0.0  5756  2548   8232
 0.0  5756  2548   8232
 0.0  5756  2548   8232
 0.0  5756  2548   8232
 0.0  5756  2548   8232
 0.0  5756  2548   8232
 0.0  5756  2548   8232
 0.0  5756  2548   8232
 0.0  5756  2548   8232
 0.0  5756  2548   8232
 0.0  5756  2548   8232
 0.0  5756  2548   8232
 0.0  5756  2548   8232
 0.0  5756  2548   8232
 0.0  5756  2548   8232
 0.0  5756  2548   8232
 0.0  5756  2548   8232
 0.0  5756  2548   8232
 0.0  5756  2548   8232
 0.0  5756  2548   8232
 0.0  5756  2548   8232
 0.0  5756  2548   8232
 0.0  5756  2548   8232
 0.0  5756  2548   8232
 0.0  5756  2548   8232
 0.0  5756  2548   8232
 0.0  5756  2548   8232
 0.0  5756  2548   8232
 0.0  5756  2548   8232
 0.0  5756  2548   8232
 0.0  5756  2548   8232
 0.0  5756  2548   8232
 0.0  5756  2548   8232
 0.0  5756  2548   8232
 0.0  5756  2548   8232
 0.0  5756  2548   8232
 0.0  5756  2548   8232
 0.0  5756  2548   8232
 0.0  5756  2548   8232
 0.0  5756  2548   8232
 0.0  5756  2548   8232
 0.0  5756  2548   8232
 0.0  5756  2548   8232
 0.0  5756  2548   8232
 0.0  5756  2548   8232
 0.0  5756  2548   8232
 0.0  5756  2548   8232
 0.0  5756  2548   8232
 0.0  5756  2548   8232
 0.0  5756  2548   8232
 0.0  5756  2548   8232
 0.0  5756  2548   8232
 0.0  5756  2548   8232
 0.0  5756  2548   8232
 0.0  5756  2548   8232
 0.0  5756  2548   8232
 0.0  5756  2548   8232
 0.0  5756  2548   8232
 0.0  5756  2548   8232
 0.0  5756  2548   8232
 0.0  5756  2548   8232
 0.0  5756  2548   8232
 0.0  5756  2548   8232
 0.0  5756  2548   8232
 0.0  5756  2548   8232
 0.0  5756  2548   8232
 0.0  5756  2548   8232
 0.0  5756  2548   8232
 0.0  5756  2548   8232
 0.0  5756  2548   8232
 0.0  5756  2548   8232
 0.0  5756  2548   8232
 0.0  5756  2548   8232
 0.0  5756  2548   8232
 0.0  5756  2548   8232
 0.0  5756  2548   8232
 0.0  5756  2548   8232
 0.0  5756  2548   8232
 0.0  5756  2548   8232
 0.0  5756  2548   8232
 0.0  5756  2548   8232
 0.0  5756  2548   8232
 0.0  5756  2548   8232
 0.0  5756  2548   8232
 0.0  5756  2548   8232
 0.0  5756  2548   8232
 0.0  5756  2548   8232
 0.0  5756  2548   8232
 0.0  5756  2548   8232
 0.0  5756  2548   8232
 0.0  5756  2548   8232
 0.0  5756  2548   8232
 0.0  5756  2548   8232
 0.0  5756  2548   8232
 0.0  5756  2548   8232
 0.0  5756  2548   8232
 0.0  5756  2548   8232
 0.0  5756  2548   8232
 0.0  5756  2548   8232
 0.0  5756  2548   8232
 0.0  5756  2548   8232
 0.0  5756  2548   8232
 0.0  5756  2548   8232
 0.0  5756  2548   8232
 0.0  5756  2548   8232
 0.0  5756  2548   8232
 0.0  5756  2548   8232
 0.0  5756  2548   8232
 0.0  5756  2548   8232
 0.0  5756  2548   8232
 0.0  5756  2548   8232
 0.0  5756  2548   8232
 0.0  5756  2548   8232
 0.0  5756  2548   8232
 0.0  5756  2548   8232
 0.0  5756  2548   8232
 0.0  5756  2548   8232
 0.0  5756  2548   8232
 0.0  5756  2548   8232
 0.0  5756  2548   8232
 0.0  5756  2548   8232
 0.0  5756  2548   8232
 0.0  5756  2548   8232
 0.0  5756  2548   8232
 0.0  5756  2548   8232
 0.0  5756  2548   8232
 0.0  5756  2548   8232
 0.0  5756  2548   8232
 0.0  5756  2548   8232
 0.0  5756  2548   8232
 0.0  5756  2548   8232
 0.0  5756  2548   8232
 0.0  5756  2548   8232
 0.0  5756  2548   8232
 0.0  5756  2548   8232
 0.0  5756  2548   8232
 0.0  5756  2548   8232
 0.0  5756  2548   8232
 0.0  5756  2548   8232
 0.0  5756  2548   8232
 0.0  5756  2548   8232
 0.0  5756  2548   8232
 0.0  5756  2548   8232
 0.0  5756  2548   8232
 0.0  5756  2548   8232
 0.0  5756  2548   8232
 0.0  5756  2548   8232
 0.0  5756  2548   8232
 0.0  5756  2548   8232
 0.0  5756  2548   8232
 0.0  5756  2548   8232
 0.0  5756  2548   8232
 0.0  5756  2548   8232
 0.0  5756  2548   8232
 0.0  5756  2548   8232
 0.0  5756  2548   8232
 0.0  5756  2548   8232
 0.0  5756  2548   8232
 0.0  5756  2548   8232
 0.0  5756  2548   8232
 0.0  5756  2548   8232
 0.0  5756  2548   8232
 0.0  5756  2548   8232
 0.0  5756  2548   8232
 0.0  5756  2548   8232
 0.0  5756  2548   8232
 0.0  5756  2548   8232
 0.0  5756  2548   8232
 0.0  5756  2548   8232
 0.0  5756  2548   8232
 0.0  5756  2548   8232
 0.0  5756  2548   8232
 0.0  5756  2548   8232
 0.0  5756  2548   8232
 0.0  5756  2548   8232
 0.0  5756  2548   8232
 0.0  5756  2548   8232
 0.0  5756  2548   8232
 0.0  5756  2548   8232
 0.0  5756  2548   8232
 0.0  5756  2548   8232
 0.0  5756  2548   8232
 0.0  5756  2548   8232
 0.0  5756  2548   8232
 0.0  5756  2548   8232
 0.0  5756  2548   8232
 0.0  5756  2548   8232
 0.0  5756  2548   8232
 0.0  5756  2548   8232
 0.0  5756  2548   8232
 0.0  5756  2548   8232
 0.0  5756  2548   8232
 0.0  5756  2548   8232
 0.0  5756  2548   8232
 0.0  5756  2548   8232
 0.0  5756  2548   8232
 0.0  5756  2548   8232
 0.0  5756  2548   8232
 0.0  5756  2548   8232
 0.0  5756  2548   8232
 0.0  5756  2548   8232
 0.0  5756  2548   8232
 0.0  5756  2548   8232
 0.0  5756  2548   8232
 0.0  5756  2548   8232
 0.0  5756  2548   8232
 0.0  5756  2548   8232
 0.0  5756  2548   8232
 0.0  5756  2548   8232
 0.0  5756  2548   8232
 0.0  5756  2548   8232
 0.0  5756  2548   8232
 0.0  5756  2548   8232
 0.0  5756  2548   8232
 0.0  5756  2548   8232
 0.0  5756  2548   8232
 0.0  5756  2548   8232
 0.0  5756  2548   8232
 0.0  5756  2548   8232
 0.0  5756  2548   8232
 0.0  5756  2548   8232
 0.0  5756  2548   8232
 0.0  5756  2548   8232
 0.0  5756  2548   8232
 0.0  5756  2548   8232
 0.0  5756  2548   8232
 0.0  5756  2548   8232
 0.0  5756  2548   8232
 0.0  5756  2548   8232
 0.0  5756  2548   8232
 0.0  5756  2548   8232
 0.0  5756  2548   8232
 0.0  5756  2548   8232
 0.0  5756  2548   8232
 0.0  5756  2548   8232
 0.0  5756  2548   8232
 0.0  5756  2548   8232
 0.0  5756  2548   8232
 0.0  5756  2548   8232
 0.0  5756  2548   8232
 0.0  5756  2548   8232
 0.0  5756  2548   8232
 0.0  5756  2548   8232
 0.0  5756  2548   8232
 0.0  5756  2548   8232
 0.0  5756  2548   8232
 0.0  5756  2548   8232
 0.0  5756  2548   8232
 0.0  5756  2548   8232
 0.0  5756  2548   8232
 0.0  5756  2548   8232
 0.0  5756  2548   8232
 0.0  5756  2548   8232
 0.0  5756  2548   8232
 0.0  5756  2548   8232
 0.0  5756  2548   8232
 0.0  5756  2548   8232
 0.0  5756  2548   8232
 0.0  5756  2548   8232
 0.0  5756  2548   8232
 0.0  5756  2548   8232
 0.0  5756  2548   8232
 0.0  5756  2548   8232
 0.0  5756  2548   8232
 0.0  5756  2548   8232
 0.0  5756  2548   8232
 0.0  5756  2548   8232
 0.0  5756  2548   8232
 0.0  5756  2548   8232
 0.0  5756  2548   8232
 0.0  5756  2548   8232
 0.0  5756  2548   8232
 0.0  5756  2548   8232
 0.0  5756  2548   8232
 0.0  5756  2548   8232
 0.0  5756  2548   8232
 0.0  5756  2548   8232
 0.0  5756  2548   8232
 0.0  5756  2548   8232
 0.0  5756  2548   8232
 0.0  5756  2548   8232
 0.0  5756  2548   8232
 0.0  5756  2548   8232
 0.0  5756  2548   8232
 0.0  5756  2548   8232
 0.0  5756  2548   8232
 0.0  5756  2548   8232
 0.0  5756  2548   8232
 0.0  5756  2548   8232
 0.0  5756  2548   8232
 0.0  5756  2548   8232
 0.0  5756  2548   8232
 0.0  5756  2548   8232
 0.0  5756  2548   8232
 0.0  5756  2548   8232
 0.0  5756  2548   8232
 0.0  5756  2548   8232
 0.0  5756  2548   8232
 0.0  5756  2548   8232
 0.0  5756  2548   8232
 0.0  5756  2548   8232
 0.0  5756  2548   8232
 0.0  5756  2548   8232
 0.0  5756  2548   8232
 0.0  5756  2548   8232
 0.0  5756  2548   8232
 0.0  5756  2548   8232
 0.0  5756  2548   8232
 0.0  5756  2548   8232
 0.0  5756  2548   8232
 0.0  5756  2548   8232
 0.0  5756  2548   8232
 0.0  5756  2548   8232
 0.0  5756  2548   8232
 0.0  5756  2548   8232
 0.0  5756  2548   8232
 0.0  5756  2548   8232
 0.0  5756  2548   8232
 0.0  5756  2548   8232
 0.0  5756  2548   8232
 0.0  5756  2548   8232
 0.0  5756  2548   8232
 0.0  5756  2548   8232
 0.0  5756  2548   8232
 0.0  5756  2548   8232
 0.0  5756  2548   8232
 0.0  5756  2548   8232
 0.0  5756  2548   8232
 0.0  5756  2548   8232
 0.0  5756  2548   8232
 0.0  5756  2548   8232
 0.0  5756  2548   8232
 0.0  5756  2548   8232
 0.0  5756  2548   8232
 0.0  5756  2548   8232
 0.0  5756  2548   8232
 0.0  5756  2548   8232
 0.0  5756  2548   8232
 0.0  5756  2548   8232
 0.0  5756  2548   8232
 0.0  5756  2548   8232
 0.0  5756  2548   8232
 0.0  5756  2548   8232
 0.0  5756  2548   8232
 0.0  5756  2548   8232
 0.0  5756  2548   8232
 0.0  5756  2548   8232
 0.0  5756  2548   8232
 0.0  5756  2548   8232
 0.0  5756  2548   8232
 0.0  5756  2548   8232
 0.0  5756  2548   8232
 0.0  5756  2548   8232
 0.0  5756  2548   8232
 0.0  5756  2548   8232
 0.0  5756  2548   8232
 0.0  5756  2548   8232
 0.0  5756  2548   8232
 0.0  5756  2548   8232
 0.0  5756  2548   8232
 0.0  5756  2548   8232
 0.0  5756  2548   8232
 0.0  5756  2548   8232
 0.0  5756  2548   8232
 0.0  5756  2548   8232
 0.0  5756  2548   8232
 0.0  5756  2548   8232
 0.0  5756  2548   8232
 0.0  5756  2548   8232
 0.0  5756  2548   8232
 0.0  5756  2548   8232
 0.0  5756  2548   8232
 0.0  5756  2548   8232
 0.0  5756  2548   8232
 0.0  5756  2548   8232
 0.0  5756  2548   8232
 0.0  5756  2548   8232
 0.0  5756  2548   8232
 0.0  5756  2548   8232
 0.0  5756  2548   8232
 0.0  5756  2548   8232
 0.0  5756  2548   8232
 0.0  5756  2548   8232
 0.0  5756  2548   8232
 0.0  5756  2548   8232
 0.0  5756  2548   8232
 0.0  5756  2548   8232
 0.0  5756  2548   8232
 0.0  5756  2548   8232
 0.0  5756  2548   8232
 0.0  5756  2548   8232
 0.0  5756  2548   8232
 0.0  5756  2548   8232
 0.0  5756  2548   8232
 0.0  5756  2548   8232
 0.0  5756  2548   8232
 0.0  5756  2548   8232
 0.0  5756  2548   8232
 0.0  5756  2548   8232
 0.0  5756  2548   8232
 0.0  5756  2548   8232
 0.0  5756  2548   8232
 0.0  5756  2548   8232
 0.0  5756  2548   8232
 0.0  5756  2548   8232
 0.0  5756  2548   8232
 0.0  5756  2548   8232
 0.0  5756  2548   8232
 0.0  5756  2548   8232
 0.0  5756  2548   8232
 0.0  5756  2548   8232
 0.0  5756  2548   8232
 0.0  5756  2548   8232
 0.0  5756  2548   8232
 0.0  5756  2548   8232
 0.0  5756  2548   8232
 0.0  5756  2548   8232
 0.0  5756  2548   8232
 0.0  5756  2548   8232
 0.0  5756  2548   8232
 0.0  5756  2548   8232
 0.0  5756  2548   8232
 0.0  5756  2548   8232
 0.0  5756  2548   8232
 0.0  5756  2548   8232
 0.0  5756  2548   8232
 0.0  5756  2548   8232
 0.0  5756  2548   8232
 0.0  5756  2548   8232
 0.0  5756  2548   8232
 0.0  5756  2548   8232
 0.0  5756  2548   8232
 0.0  5756  2548   8232
 0.0  5756  2548   8232
 0.0  5756  2548   8232
 0.0  5756  2548   8232
 0.0  5756  2548   8232
 0.0  5756  2548   8232
 0.0  5756  2548   8232
 0.0  5756  2548   8232
 0.0  5756  2548   8232
 0.0  5756  2548   8232
 0.0  5756  2548   8232
 0.0  5756  2548   8232
 0.0  5756  2548   8232
 0.0  5756  2548   8232
 0.0  5756  2548   8232
 0.0  5756  2548   8232
 0.0  5756  2548   8232
 0.0  5756  2548   8232
 0.0  5756  2548   8232
 0.0  5756  2548   8232
 0.0  5756  2548   8232
 0.0  5756  2548   8232
 0.0  5756  2548   8232
 0.0  5756  2548   8232
 0.0  5756  2548   8232
 0.0  5756  2548   8232
 0.0  5756  2548   8232
 0.0  5756  2548   8232
 0.0  5756  2548   8232
 0.0  5756  2548   8232
 0.0  5756  2548   8232
 0.0  5756  2548   8232
 0.0  5756  2548   8232
 0.0  5756  2548   8232
 0.0  5756  2548   8232
 0.0  5756  2548   8232
 0.0  5756  2548   8232
 0.0  5756  2548   8232
 0.0  5756  2548   8232
 0.0  5756  2548   8232
 0.0  5756  2548   8232
 0.0  5756  2548   8232
 0.0  5756  2548   8232
 0.0  5756  2548   8232
 0.0  5756  2548   8232
 0.0  5756  2548   8232
 0.0  5756  2548   8232
 0.0  5756  2548   8232
 0.0  5756  2548   8232
 0.0  5756  2548   8232
 0.0  5756  2548   8232
 0.0  5756  2548   8232
 0.0  5756  2548   8232
 0.0  5756  2548   8232
 0.0  5756  2548   8232
 0.0  5756  2548   8232
 0.0  5756  2548   8232
 0.0  5756  2548   8232
 0.0  5756  2548   8232
 0.0  5756  2548   8232
 0.0  5756  2548   8232
 0.0  5756  2548   8232
 0.0  5756  2548   8232
 0.0  5756  2548   8232
 0.0  5756  2548   8232
 0.0  5756  2548   8232
 0.0  5756  2548   8232
 0.0  5756  2548   8232
 0.0  5756  2548   8232
 0.0  5756  2548   8232
 0.0  5756  2548   8232
 0.0  5756  2548   8232
 0.0  5756  2548   8232
 0.0  5756  2548   8232
 0.0  5756  2548   8232
 0.0  5756  2548   8232
 0.0  5756  2548   8232
 0.0  5756  2548   8232
 0.0  5756  2548   8232
 0.0  5756  2548   8232
 0.0  5756  2548   8232
 0.0  5756  2548   8232
 0.0  5756  2548   8232
 0.0  5756  2548   8232
 0.0  5756  2548   8232
 0.0  5756  2548   8232
 0.0  5756  2548   8232
 0.0  5756  2548   8232
 0.0  5756  2548   8232
 0.0  5756  2548   8232
 0.0  5756  2548   8232
 0.0  5756  2548   8232
 0.0  5756  2548   8232
 0.0  5756  2548   8232
 0.0  5756  2548   8232
 0.0  5756  2548   8232
 0.0  5756  2548   8232
 0.0  5756  2548   8232
 0.0  5756  2548   8232
 0.0  5756  2548   8232
 0.0  5756  2548   8232
 0.0  5756  2548   8232
 0.0  5756  2548   8232
 0.0  5756  2548   8232
 0.0  5756  2548   8232
 0.0  5756  2548   8232
 0.0  5756  2548   8232
 0.0  5756  2548   8232
 0.0  5756  2548   8232
 0.0  5756  2548   8232
 0.0  5756  2548   8232
 0.0  5756  2548   8232
 0.0  5756  2548   8232
 0.0  5756  2548   8232
 0.0  5756  2548   8232
 0.0  5756  2548   8232
 0.0  5756  2548   8232
 0.0  5756  2548   8232
 0.0  5756  2548   8232
 0.0  5756  2548   8232
 0.0  5756  2548   8232
 0.0  5756  2548   8232
 0.0  5756  2548   8232
 0.0  5756  2548   8232
 0.0  5756  2548   8232
 0.0  5704  2548   8232
 0.0  5704  2548   8232
 0.0  5704  2548   8232
 0.0  5704  2548   8232
 0.0  5704  2548   8232
 0.0  5704  2548   8232
 0.0  5704  2548   8232
 0.0  5704  2548   8232
 0.0  5704  2548   8232
 0.0  5704  2548   8232
 0.0  5704  2548   8232
 0.0  5704  2548   8232
 0.0  5704  2548   8232
 0.0  5704  2548   8232
 0.0  5704  2548   8232
 0.0  5704  2548   8232
 0.0  5704  2548   8232
 0.0  5704  2548   8232
 0.0  5704  2548   8232
 0.0  5704  2548   8232
 0.0  5704  2548   8232
 0.0  5704  2548   8232
 0.0  5704  2548   8232
 0.0  5704  2548   8232
 0.0  5704  2548   8232
 0.0  5704  2548   8232
 0.0  5704  2548   8232
 0.0  5704  2548   8232
 0.0  5704  2548   8232
 0.0  5704  2548   8232
 0.0  5704  2548   8232
 0.0  5704  2548   8232
 0.0  5704  2548   8232
 0.0  5704  2548   8232
 0.0  5704  2548   8232
 0.0  5704  2548   8232
 0.0  5704  2548   8232
 0.0  5704  2548   8232
 0.0  5704  2548   8232
 0.0  5704  2548   8232
 0.0  5704  2548   8232
 0.0  5704  2548   8232
 0.0  5704  2548   8232
 0.0  5704  2548   8232
 0.0  5704  2548   8232
 0.0  5704  2548   8232
 0.0  5704  2548   8232
 0.0  5704  2548   8232
 0.0  5704  2548   8232
 0.0  5704  2548   8232
 0.0  5704  2548   8232
 0.0  5704  2548   8232
 0.0  5704  2548   8232
 0.0  5704  2548   8232
 0.0  5704  2548   8232
 0.0  5704  2548   8232
 0.0  5704  2548   8232
 0.0  5704  2548   8232
 0.0  5704  2548   8232
 0.0  5704  2548   8232
 0.0  5704  2548   8232
 0.0  5704  2548   8232
 0.0  5704  2548   8232
 0.0  5704  2548   8232
 0.0  5704  2548   8232
 0.0  5704  2548   8232
 0.0  5704  2548   8232
 0.0  5704  2548   8232
 0.0  5704  2548   8232
 0.0  5704  2548   8232
 0.0  5704  2548   8232
 0.0  5704  2548   8232
 0.0  5704  2548   8232
 0.0  5704  2548   8232
 0.0  5704  2548   8232
 0.0  5704  2548   8232
 0.0  5704  2548   8232
 0.0  5704  2548   8232
 0.0  5704  2548   8232
 0.0  5704  2548   8232
 0.0  5704  2548   8232
 0.0  5704  2548   8232
 0.0  5704  2548   8232
 0.0  5704  2548   8232
 0.0  5648  2548   8232
 0.0  5600  2548   8232
 0.0  5600  2548   8232
 0.0  5600  2548   8232
 0.0  5600  2548   8232
 0.0  5600  2548   8232
 0.0  5600  2548   8232
 0.0  5600  2548   8232
 0.0  5600  2548   8232
 0.0  5600  2548   8232
 0.0  5600  2548   8232
 0.0  5600  2548   8232
 0.0  5600  2548   8232
 0.0  5600  2548   8232
 0.0  5512  2548   8232
 0.0  5512  2548   8232
 0.0  5512  2548   8232
 0.0  5512  2548   8232
 0.0  5512  2548   8232
 0.0  5512  2548   8232
 0.0  5512  2548   8232
 0.0  5512  2548   8232
 0.0  5512  2548   8232
 0.0  5512  2548   8232
 0.0  5512  2548   8232
 0.0  5512  2548   8232
 0.0  5512  2548   8232
 0.0  5512  2548   8232
 0.0  5512  2548   8232
 0.0  5512  2548   8232
 0.0  5512  2548   8232
 0.0  5512  2548   8232
 0.0  5512  2548   8232
 0.0  5512  2548   8232
 0.0  5480  2548   8232
 0.0  5480  2548   8232
 0.0  5480  2548   8232
 0.0  5480  2548   8232
 0.0  5480  2548   8232
 0.0  5480  2548   8232
 0.0  5480  2548   8232
 0.0  5468  2548   8232
 0.0  5468  2548   8232
 0.0  5468  2548   8232
 0.0  5464  2548   8232
 0.0  5464  2548   8232
 0.0  5464  2548   8232
 0.0  5464  2548   8232
 0.0  5464  2548   8232
 0.0  5464  2548   8232
 0.0  5464  2548   8232
 0.0  5464  2548   8232
 0.0  5464  2548   8232
 0.0  5464  2548   8232
 0.0  5464  2548   8232
 0.0  5464  2548   8232
 0.0  5464  2548   8232
 0.0  5464  2548   8232
 0.0  5464  2548   8232
 0.0  5464  2548   8232
 0.0  5464  2548   8232
 0.0  5464  2548   8232
 0.0  5464  2548   8232
 0.0  5464  2548   8232
 0.0  5464  2548   8232
 0.0  5464  2548   8232
 0.0  5464  2548   8232
 0.0  5464  2548   8232
 0.0  5464  2548   8232
 0.0  5464  2548   8232
 0.0  5464  2548   8232
 0.0  5464  2548   8232
 0.0  5464  2548   8232
 0.0  5464  2548   8232
 0.0  5464  2548   8232
 0.0  5464  2548   8232
 0.0  5464  2548   8232
 0.0  5464  2548   8232
 0.0  5464  2548   8232
 0.0  5464  2548   8232
 0.0  5464  2548   8232
 0.0  5464  2548   8232
 0.0  5464  2548   8232
 0.0  5464  2548   8232
 0.0  5464  2548   8232
 0.0  5464  2548   8232
 0.0  5464  2548   8232
 0.0  5464  2548   8232
 0.0  5464  2548   8232
 0.0  5464  2548   8232
 0.0  5464  2548   8232
 0.0  5464  2548   8232
 0.0  5464  2548   8232
 0.0  5464  2548   8232
 0.0  5464  2548   8232
 0.0  5464  2548   8232
 0.0  5464  2548   8232
 0.0  5464  2548   8232
 0.0  5464  2548   8232
 0.0  5464  2548   8232
 0.0  5464  2548   8232
 0.0  5464  2548   8232
 0.0  5464  2548   8232
 0.0  5464  2548   8232
 0.0  5464  2548   8232
 0.0  5464  2548   8232
 0.0  5464  2548   8232
 0.0  5464  2548   8232
 0.0  5464  2548   8232
 0.0  5464  2548   8232
 0.0  5464  2548   8232
 0.0  5464  2548   8232
 0.0  5464  2548   8232
 0.0  5464  2548   8232
 0.0  5464  2548   8232
 0.0  5464  2548   8232
 0.0  5464  2548   8232
 0.0  5464  2548   8232
 0.0  5464  2548   8232
 0.0  5464  2548   8232
 0.0  5464  2548   8232
 0.0  5464  2548   8232
 0.0  5464  2548   8232
 0.0  5464  2548   8232
 0.0  5464  2548   8232
 0.0  5464  2548   8232
 0.0  5464  2548   8232
 0.0  5464  2548   8232
 0.0  5464  2548   8232
 0.0  5464  2548   8232
 0.0  5464  2548   8232
 0.0  5464  2548   8232
 0.0  5464  2548   8232
 0.0  5464  2548   8232
 0.0  5464  2548   8232
 0.0  5464  2548   8232
 0.0  5464  2548   8232
 0.0  5464  2548   8232
 0.0  5464  2548   8232
 0.0  5464  2548   8232
 0.0  5464  2548   8232
 0.0  5464  2548   8232
 0.0  5464  2548   8232
 0.0  5464  2548   8232
 0.0  5464  2548   8232
 0.0  5464  2548   8232
 0.0  5464  2548   8232
 0.0  5464  2548   8232
 0.0  5464  2548   8232
 0.0  5464  2548   8232
 0.0  5464  2548   8232
 0.0  5464  2548   8232
 0.0  5464  2548   8232
 0.0  5464  2548   8232
 0.0  5464  2548   8232
 0.0  5464  2548   8232
 0.0  5464  2548   8232
 0.0  5464  2548   8232
 0.0  5464  2548   8232
 0.0  5464  2548   8232
 0.0  5464  2548   8232
 0.0  5464  2548   8232
 0.0  5464  2548   8232
 0.0  5464  2548   8232
 0.0  5464  2548   8232
 0.0  5464  2548   8232
 0.0  5464  2548   8232
 0.0  5464  2548   8232
 0.0  5464  2548   8232
 0.0  5464  2548   8232
 0.0  5464  2548   8232
 0.0  5464  2548   8232
 0.0  5464  2548   8232
 0.0  5464  2548   8232
 0.0  5464  2548   8232
 0.0  5464  2548   8232
 0.0  5464  2548   8232
 0.0  5464  2548   8232
 0.0  5456  2548   8232
 0.0  5456  2548   8232
 0.0  5456  2548   8232
 0.0  5456  2548   8232
 0.0  5456  2548   8232
 0.0  5456  2548   8232
 0.0  5456  2548   8232
 0.0  5456  2548   8232
 0.0  5456  2548   8232
 0.0  5456  2548   8232
 0.0  5456  2548   8232
 0.0  5456  2548   8232
 0.0  5456  2548   8232
 0.0  5456  2548   8232
 0.0  5456  2548   8232
 0.0  5456  2548   8232
 0.0  5456  2548   8232
 0.0  5456  2548   8232
 0.0  5456  2548   8232
 0.0  5456  2548   8232
 0.0  5456  2548   8232
 0.0  5456  2548   8232
 0.0  5456  2548   8232
 0.0  5456  2548   8232
 0.0  5456  2548   8232
 0.0  5456  2548   8232
 0.0  5456  2548   8232
 0.0  5456  2548   8232
 0.0  5456  2548   8232
 0.0  5456  2548   8232
 0.0  5456  2548   8232
 0.0  5456  2548   8232
 0.0  5456  2548   8232
 0.0  5456  2548   8232
 0.0  5456  2548   8232
 0.0  5456  2548   8232
 0.0  5456  2548   8232
 0.0  5456  2548   8232
 0.0  5456  2548   8232
 0.0  5456  2548   8232
 0.0  5456  2548   8232
 0.0  5456  2548   8232
 0.0  5456  2548   8232
 0.0  5456  2548   8232
 0.0  5456  2548   8232
 0.0  5456  2548   8232
 0.0  5456  2548   8232
 0.0  5456  2548   8232
 0.0  5456  2548   8232
 0.0  5456  2548   8232
 0.0  5456  2548   8232
 0.0  5456  2548   8232
 0.0  5456  2548   8232
 0.0  5456  2548   8232
 0.0  5456  2548   8232
 0.0  5456  2548   8232
 0.0  5456  2548   8232
 0.0  5456  2548   8232
 0.0  5456  2548   8232
 0.0  5456  2548   8232
 0.0  5456  2548   8232
 0.0  5456  2548   8232
 0.0  5456  2548   8232
 0.0  5456  2548   8232
 0.0  5456  2548   8232
 0.0  5456  2548   8232
 0.0  5456  2548   8232
 0.0  5456  2548   8232
 0.0  5456  2548   8232
 0.0  5456  2548   8232
 0.0  5456  2548   8232
 0.0  5456  2548   8232
 0.0  5456  2548   8232
 0.0  5456  2548   8232
 0.0  5456  2548   8232
 0.0  5456  2548   8232
 0.0  5456  2548   8232
 0.0  5456  2548   8232
 0.0  5456  2548   8232
 0.0  5456  2548   8232
 0.0  5456  2548   8232
 0.0  5456  2548   8232
 0.0  5456  2548   8232
 0.0  5456  2548   8232
 0.0  5456  2548   8232
 0.0  5456  2548   8232
 0.0  5456  2548   8232
 0.0  5456  2548   8232
 0.0  5456  2548   8232
 0.0  5456  2548   8232
 0.0  5456  2548   8232
 0.0  5456  2548   8232
 0.0  5456  2548   8232
 0.0  5456  2548   8232
 0.0  5456  2548   8232
 0.0  5456  2548   8232
 0.0  5456  2548   8232
 0.0  5456  2548   8232
 0.0  5456  2548   8232
 0.0  5456  2548   8232
 0.0  5456  2548   8232
 0.0  5456  2548   8232
 0.0  5456  2548   8232
 0.0  5456  2548   8232
 0.0  5456  2548   8232
 0.0  5456  2548   8232
 0.0  5456  2548   8232
 0.0  5456  2548   8232
 0.0  5456  2548   8232
 0.0  5456  2548   8232
 0.0  5456  2548   8232
 0.0  5456  2548   8232
 0.0  5456  2548   8232
 0.0  5456  2548   8232
 0.0  5456  2548   8232
 0.0  5456  2548   8232
 0.0  5456  2548   8232
 0.0  5456  2548   8232
 0.0  5456  2548   8232
 0.0  5456  2548   8232
 0.0  5456  2548   8232
 0.0  5456  2548   8232
 0.0  5456  2548   8232
 0.0  5456  2548   8232
 0.0  5456  2548   8232
 0.0  5456  2548   8232
 0.0  5456  2548   8232
 0.0  5456  2548   8232
 0.0  5456  2548   8232
 0.0  5456  2548   8232
 0.0  5456  2548   8232
 0.0  5456  2548   8232
 0.0  5456  2548   8232
 0.0  5456  2548   8232
 0.0  5456  2548   8232
 0.0  5456  2548   8232
 0.0  5456  2548   8232
 0.0  5456  2548   8232
 0.0  5456  2548   8232
 0.0  5456  2548   8232
 0.0  5456  2548   8232
 0.0  5456  2548   8232
 0.0  5456  2548   8232
 0.0  5456  2548   8232
 0.0  5456  2548   8232
 0.0  5456  2548   8232
 0.0  5456  2548   8232
 0.0  5456  2548   8232
 0.0  5456  2548   8232
 0.0  5456  2548   8232
 0.0  5456  2548   8232
 0.0  5456  2548   8232
 0.0  5456  2548   8232
 0.0  5456  2548   8232
 0.0  5456  2548   8232
 0.0  5456  2548   8232
 0.0  5456  2548   8232
 0.0  5456  2548   8232
 0.0  5456  2548   8232
 0.0  5456  2548   8232
 0.0  5456  2548   8232
 0.0  5456  2548   8232
 0.0  5456  2548   8232
 0.0  5456  2548   8232
 0.0  5456  2548   8232
 0.0  5456  2548   8232
 0.0  5456  2548   8232
 0.0  5456  2548   8232
 0.0  5456  2548   8232
 0.0  5456  2548   8232
 0.0  5456  2548   8232
 0.0  5456  2548   8232
 0.0  5456  2548   8232
 0.0  5456  2548   8232
 0.0  5456  2548   8232
 0.0  5456  2548   8232
 0.0  5456  2548   8232
 0.0  5456  2548   8232
 0.0  5456  2548   8232
 0.0  5456  2548   8232
 0.0  5456  2548   8232
 0.0  5456  2548   8232
 0.0  5456  2548   8232
 0.0  5456  2548   8232
 0.0  5456  2548   8232
 0.0  5456  2548   8232
 0.0  5456  2548   8232
 0.0  5456  2548   8232
 0.0  5456  2548   8232
 0.0  5456  2548   8232
 0.0  5456  2548   8232
 0.0  5456  2548   8232
 0.0  5456  2548   8232
 0.0  5456  2548   8232
 0.0  5456  2548   8232
 0.0  5456  2548   8232
 0.0  5456  2548   8232
 0.0  5456  2548   8232
 0.0  5456  2548   8232
 0.0  5456  2548   8232
 0.0  5456  2548   8232
 0.0  5456  2548   8232
 0.0  5456  2548   8232
 0.0  5456  2548   8232
 0.0  5456  2548   8232
 0.0  5456  2548   8232
 0.0  5456  2548   8232
 0.0  5456  2548   8232
 0.0  5456  2548   8232
 0.0  5452  2548   8232
 0.0  5452  2548   8232
 0.0  5452  2548   8232
 0.0  5452  2548   8232
 0.0  5452  2548   8232
 0.0  5452  2548   8232
 0.0  5452  2548   8232
 0.0  5452  2548   8232
 0.0  5452  2548   8232
 0.0  5452  2548   8232
 0.0  5452  2548   8232
 0.0  5452  2548   8232
 0.0  5452  2548   8232
 0.0  5452  2548   8232
 0.0  5452  2548   8232
 0.0  5452  2548   8232
 0.0  5452  2548   8232
 0.0  5452  2548   8232
 0.0  5452  2548   8232
 0.0  5452  2548   8232
 0.0  5452  2548   8232
 0.0  5452  2548   8232
 0.0  5452  2548   8232
 0.0  5452  2548   8232
 0.0  5452  2548   8232
 0.0  5452  2548   8232
 0.0  5392  2548   8232
 0.0  5392  2548   8232
 0.0  5392  2548   8232
 0.0  5392  2548   8232
 0.0  5392  2548   8232
 0.0  5392  2548   8232
 0.0  5392  2548   8232
 0.0  5392  2548   8232
 0.0  5392  2548   8232
 0.0  5392  2548   8232
 0.0  5392  2548   8232
 0.0  5392  2548   8232
 0.0  5392  2548   8232
 0.0  5392  2548   8232
 0.0  5392  2548   8232
 0.0  5392  2548   8232
 0.0  5392  2548   8232
 0.0  5392  2548   8232
 0.0  5392  2548   8232
 0.0  5392  2548   8232
 0.0  5392  2548   8232
 0.0  5332  2548   8232
 0.0  5332  2548   8232
 0.0  5332  2548   8232
 0.0  5332  2548   8232
 0.0  5332  2548   8232
 0.0  5332  2548   8232
 0.0  5332  2548   8232
 0.0  5332  2548   8232
 0.0  5332  2548   8232
 0.0  5332  2548   8232
 0.0  5332  2548   8232
 0.0  5332  2548   8232
 0.0  5332  2548   8232
 0.0  5332  2548   8232
 0.0  5332  2548   8232
 0.0  5332  2548   8232
 0.0  5332  2548   8232
 0.0  5332  2548   8232
 0.0  5332  2548   8232
 0.0  5332  2548   8232
 0.0  5332  2548   8232
 0.0  5332  2548   8232
 0.0  5332  2548   8232
 0.0  5272  2548   8232
 0.0  5272  2548   8232
 0.0  5272  2548   8232
 0.0  5272  2548   8232
 0.0  5272  2548   8232
 0.0  5272  2548   8232
 0.0  5272  2548   8232
 0.0  5272  2548   8232
 0.0  5272  2548   8232
 0.0  5272  2548   8232
 0.0  5272  2548   8232
 0.0  5272  2548   8232
 0.0  5272  2548   8232
 0.0  5272  2548   8232
 0.0  5272  2548   8232
 0.0  5272  2548   8232
 0.0  5272  2548   8232
 0.0  5272  2548   8232
 0.0  5272  2548   8232
 0.0  5272  2548   8232
 0.0  5272  2548   8232
 0.0  5272  2548   8232
 0.0  5272  2548   8232
 0.0  5212  2548   8232
 0.0  5212  2548   8232
 0.0  5212  2548   8232
 0.0  5212  2548   8232
 0.0  5212  2548   8232
 0.0  5212  2548   8232
 0.0  5212  2548   8232
 0.0  5212  2548   8232
 0.0  5212  2548   8232
 0.0  5212  2548   8232
 0.0  5212  2548   8232
 0.0  5212  2548   8232
 0.0  5212  2548   8232
 0.0  5212  2548   8232
 0.0  5212  2548   8232
 0.0  5212  2548   8232
 0.0  5212  2548   8232
 0.0  5212  2548   8232
 0.0  5212  2548   8232
 0.0  5212  2548   8232
 0.0  5212  2548   8232
 0.0  5212  2548   8232
 0.0  5212  2548   8232
 0.0  5212  2548   8232
 0.0  5152  2548   8232
 0.0  5152  2548   8232
 0.0  5152  2548   8232
 0.0  5152  2548   8232
 0.0  5152  2548   8232
 0.0  5152  2548   8232
 0.0  5152  2548   8232
 0.0  5152  2548   8232
 0.0  5152  2548   8232
 0.0  5152  2548   8232
 0.0  5152  2548   8232
 0.0  5152  2548   8232
 0.0  5152  2548   8232
 0.0  5152  2548   8232
 0.0  5152  2548   8232
 0.0  5152  2548   8232
 0.0  5152  2548   8232
 0.0  5152  2548   8232
 0.0  5152  2548   8232
 0.0  5152  2548   8232
 0.0  5152  2548   8232
 0.0  5152  2548   8232
 0.0  5152  2548   8232
 0.0  5092  2548   8232
 0.0  5092  2548   8232
 0.0  5092  2548   8232
 0.0  5092  2548   8232
 0.0  5092  2548   8232
 0.0  5092  2548   8232
 0.0  5092  2548   8232
 0.0  5092  2548   8232
 0.0  5092  2548   8232
 0.0  5092  2548   8232
 0.0  5092  2548   8232
 0.0  5092  2548   8232
 0.0  5092  2548   8232
 0.0  5092  2548   8232
 0.0  5092  2548   8232
 0.0  5092  2548   8232
 0.0  5092  2548   8232
 0.0  5092  2548   8232
 0.0  5092  2548   8232
 0.0  5092  2548   8232
 0.0  5092  2548   8232
 0.0  5092  2548   8232
 0.0  5092  2548   8232
 0.0  5032  2548   8232
 0.0  5032  2548   8232
 0.0  5032  2548   8232
 0.0  5032  2548   8232
 0.0  5032  2548   8232
 0.0  5032  2548   8232
 0.0  5032  2548   8232
 0.0  5032  2548   8232
 0.0  5032  2548   8232
 0.0  5032  2548   8232
 0.0  5032  2548   8232
 0.0  5032  2548   8232
 0.0  5032  2548   8232
 0.0  5032  2548   8232
 0.0  5032  2548   8232
 0.0  5032  2548   8232
 0.0  5032  2548   8232
 0.0  5032  2548   8232
 0.0  5032  2548   8232
 0.0  5032  2548   8232
 0.0  5032  2548   8232
 0.0  5032  2548   8232
 0.0  5032  2548   8232
 0.0  4972  2548   8232
 0.0  4972  2548   8232
 0.0  4972  2548   8232
 0.0  4972  2548   8232
 0.0  4972  2548   8232
 0.0  4972  2548   8232
 0.0  4972  2548   8232
 0.0  4972  2548   8232
 0.0  4972  2548   8232
 0.0  4972  2548   8232
 0.0  4972  2548   8232
 0.0  4972  2548   8232
 0.0  4972  2548   8232
 0.0  4972  2548   8232
 0.0  4972  2548   8232
 0.0  4972  2548   8232
 0.0  4972  2548   8232
 0.0  4972  2548   8232
 0.0  4972  2548   8232
 0.0  4972  2548   8232
 0.0  4972  2548   8232
 0.0  4972  2548   8232
 0.0  4972  2548   8232
 0.0  4972  2548   8232
 0.0  4972  2548   8232
 0.0  4912  2548   8232
 0.0  4912  2548   8232
 0.0  4912  2548   8232
 0.0  4912  2548   8232
 0.0  4912  2548   8232
 0.0  4912  2548   8232
 0.0  4912  2548   8232
 0.0  4912  2548   8232
 0.0  4912  2548   8232
 0.0  4912  2548   8232
 0.0  4912  2548   8232
 0.0  4912  2548   8232
 0.0  4912  2548   8232
 0.0  4912  2548   8232
 0.0  4912  2548   8232
 0.0  4912  2548   8232
 0.0  4912  2548   8232
 0.0  4912  2548   8232
 0.0  4912  2548   8232
 0.0  4912  2548   8232
 0.0  4912  2548   8232
 0.0  4912  2548   8232
 0.0  4912  2548   8232
 0.0  4912  2548   8232
 0.0  4852  2548   8232
 0.0  4852  2548   8232
 0.0  4852  2548   8232
 0.0  4852  2548   8232
 0.0  4852  2548   8232
 0.0  4852  2548   8232
 0.0  4852  2548   8232
 0.0  4852  2548   8232
 0.0  4852  2548   8232
 0.0  4852  2548   8232
 0.0  4852  2548   8232
 0.0  4852  2548   8232
 0.0  4852  2548   8232
 0.0  4852  2548   8232
 0.0  4852  2548   8232
 0.0  4852  2548   8232
 0.0  4852  2548   8232
 0.0  4852  2548   8232
 0.0  4852  2548   8232
 0.0  4852  2548   8232
 0.0  4852  2548   8232
 0.0  4852  2548   8232
 0.0  4852  2548   8232
 0.0  4852  2548   8232
 0.0  4792  2548   8232
 0.0  4792  2548   8232
 0.0  4792  2548   8232
 0.0  4792  2548   8232
 0.0  4792  2548   8232
 0.0  4792  2548   8232
 0.0  4792  2548   8232
 0.0  4792  2548   8232
 0.0  4792  2548   8232
 0.0  4792  2548   8232
 0.0  4792  2548   8232
 0.0  4792  2548   8232
 0.0  4792  2548   8232
 0.0  4792  2548   8232
 0.0  4792  2548   8232
 0.0  4792  2548   8232
 0.0  4792  2548   8232
 0.0  4792  2548   8232
 0.0  4792  2548   8232
 0.0  4792  2548   8232
 0.0  4792  2548   8232
 0.0  4792  2548   8232
 0.0  4792  2548   8232
 0.0  4792  2548   8232
 0.0  4792  2548   8232
 0.0  4732  2548   8232
 0.0  4732  2548   8232
 0.0  4732  2548   8232
 0.0  4732  2548   8232
 0.0  4732  2548   8232
 0.0  4732  2548   8232
 0.0  4732  2548   8232
 0.0  4732  2548   8232
 0.0  4732  2548   8232
 0.0  4732  2548   8232
 0.0  4732  2548   8232
 0.0  4732  2548   8232
 0.0  4732  2548   8232
 0.0  4732  2548   8232
 0.0  4732  2548   8232
 0.0  4732  2548   8232
 0.0  4732  2548   8232
 0.0  4732  2548   8232
 0.0  4732  2548   8232
 0.0  4732  2548   8232
 0.0  4732  2548   8232
 0.0  4732  2548   8232
 0.0  4732  2548   8232
 0.0  4732  2548   8232
 0.0  4732  2548   8232
 0.0  4672  2548   8232
 0.0  4672  2548   8232
 0.0  4672  2548   8232
 0.0  4672  2548   8232
 0.0  4672  2548   8232
 0.0  4672  2548   8232
 0.0  4672  2548   8232
 0.0  4672  2548   8232
 0.0  4672  2548   8232
 0.0  4672  2548   8232
 0.0  4672  2548   8232
 0.0  4672  2548   8232
 0.0  4672  2548   8232
 0.0  4672  2548   8232
 0.0  4672  2548   8232
 0.0  4672  2548   8232
 0.0  4672  2548   8232
 0.0  4672  2548   8232
 0.0  4672  2548   8232
 0.0  4672  2548   8232
 0.0  4672  2548   8232
 0.0  4672  2548   8232
 0.0  4672  2548   8232
 0.0  4672  2548   8232
 0.0  4672  2548   8232
 0.0  4612  2548   8232
 0.0  4612  2548   8232
 0.0  4612  2548   8232
 0.0  4612  2548   8232
 0.0  4612  2548   8232
 0.0  4612  2548   8232
 0.0  4612  2548   8232
 0.0  4612  2548   8232
 0.0  4612  2548   8232
 0.0  4612  2548   8232
 0.0  4612  2548   8232
 0.0  4612  2548   8232
 0.0  4612  2548   8232
 0.0  4612  2548   8232
 0.0  4612  2548   8232
 0.0  4612  2548   8232
 0.0  4612  2548   8232
 0.0  4612  2548   8232
 0.0  4612  2548   8232
 0.0  4612  2548   8232
 0.0  4612  2548   8232
 0.0  4612  2548   8232
 0.0  4612  2548   8232
 0.0  4612  2548   8232
 0.0  4612  2548   8232
 0.0  4552  2548   8232
 0.0  4552  2548   8232
 0.0  4552  2548   8232
 0.0  4552  2548   8232
 0.0  4552  2548   8232
 0.0  4552  2548   8232
 0.0  4552  2548   8232
 0.0  4552  2548   8232
 0.0  4552  2548   8232
 0.0  4552  2548   8232
 0.0  4552  2548   8232
 0.0  4552  2548   8232
 0.0  4552  2548   8232
 0.0  4552  2548   8232
 0.0  4552  2548   8232
 0.0  4552  2548   8232
 0.0  4552  2548   8232
 0.0  4552  2548   8232
 0.0  4552  2548   8232
 0.0  4552  2548   8232
 0.0  4552  2548   8232
 0.0  4552  2548   8232
 0.0  4552  2548   8232
 0.0  4492  2548   8232
 0.0  4492  2548   8232
 0.0  4492  2548   8232
 0.0  4492  2548   8232
 0.0  4492  2548   8232
 0.0  4492  2548   8232
 0.0  4492  2548   8232
 0.0  4492  2548   8232
 0.0  4492  2548   8232
 0.0  4492  2548   8232
 0.0  4492  2548   8232
 0.0  4492  2548   8232
 0.0  4492  2548   8232
 0.0  4492  2548   8232
 0.0  4492  2548   8232
 0.0  4492  2548   8232
 0.0  4492  2548   8232
 0.0  4492  2548   8232
 0.0  4492  2548   8232
 0.0  4492  2548   8232
 0.0  4492  2548   8232
 0.0  4492  2548   8232
 0.0  4492  2548   8232
 0.0  4432  2548   8232
 0.0  4432  2548   8232
 0.0  4432  2548   8232
 0.0  4432  2548   8232
 0.0  4432  2548   8232
 0.0  4432  2548   8232
 0.0  4432  2548   8232
 0.0  4432  2548   8232
 0.0  4432  2548   8232
 0.0  4432  2548   8232
 0.0  4432  2548   8232
 0.0  4432  2548   8232
 0.0  4432  2548   8232
 0.0  4432  2548   8232
 0.0  4432  2548   8232
 0.0  4432  2548   8232
 0.0  4432  2548   8232
 0.0  4432  2548   8232
 0.0  4432  2548   8232
 0.0  4432  2548   8232
 0.0  4372  2548   8232
 0.0  4372  2548   8232
 0.0  4372  2548   8232
 0.0  4372  2548   8232
 0.0  4372  2548   8232
 0.0  4372  2548   8232
 0.0  4372  2548   8232
