coretemp-isa-0000
Adapter: ISA adapter
Package id 0:  +53.0°C  (high = +100.0°C, crit = +100.0°C)
Core 0:        +53.0°C  (high = +100.0°C, crit = +100.0°C)
Core 1:        +53.0°C  (high = +100.0°C, crit = +100.0°C)

dell_smm-virtual-0
Adapter: Virtual device
Processor Fan:    0 RPM
CPU:            +57.0°C  
Ambient:        +47.0°C  
GPU:            +45.0°C  

BAT0-acpi-0
Adapter: ACPI interface
in0:          16.44 V  
curr1:       1000.00 uA 

radeon-pci-0100
Adapter: PCI adapter
temp1:            N/A  (crit = +120.0°C, hyst = +90.0°C)

iwlwifi_1-virtual-0
Adapter: Virtual device
temp1:        +39.0°C  

pch_skylake-virtual-0
Adapter: Virtual device
temp1:        +47.0°C  

acpitz-acpi-0
Adapter: ACPI interface
temp1:        +25.0°C  (crit = +107.0°C)

%MEM   RSS  SIZE    VSZ
 0.7 58964 55744  61428
15.1 1215024 1211656 1217340
15.1 1215024 1211656 1217340
15.1 1215024 1211656 1217340
15.1 1215024 1211656 1217340
15.1 1215024 1211656 1217340
15.1 1215024 1211656 1217340
15.1 1215024 1211656 1217340
15.1 1215024 1211656 1217340
15.1 1215024 1211656 1217340
15.1 1215024 1211656 1217340
15.1 1215024 1211656 1217340
15.1 1215024 1211656 1217340
15.1 1215024 1211656 1217340
15.1 1215024 1211656 1217340
15.1 1215024 1211656 1217340
15.1 1215024 1211656 1217340
15.1 1215024 1211656 1217340
15.1 1215024 1211656 1217340
15.1 1215024 1211656 1217340
15.1 1215024 1211656 1217340
15.1 1215024 1211656 1217340
15.1 1215024 1211656 1217340
15.1 1215024 1211656 1217340
15.1 1215024 1211656 1217340
15.1 1215144 1211772 1217456
15.1 1215144 1211772 1217456
15.1 1215144 1211772 1217456
15.1 1215144 1211772 1217456
15.1 1215144 1211772 1217456
15.1 1215144 1211772 1217456
15.1 1215144 1211772 1217456
15.1 1215144 1211772 1217456
15.1 1215144 1211772 1217456
15.1 1215144 1211772 1217456
15.1 1215144 1211772 1217456
15.1 1215144 1211772 1217456
15.1 1215144 1211772 1217456
15.1 1215144 1211772 1217456
15.1 1215144 1211772 1217456
15.1 1215144 1211772 1217456
15.1 1215144 1211772 1217456
15.1 1215144 1211772 1217456
15.1 1215144 1211772 1217456
15.1 1215144 1211772 1217456
15.1 1215144 1211772 1217456
15.1 1215144 1211772 1217456
15.1 1215144 1211772 1217456
15.1 1215248 1211880 1217564
15.1 1215248 1211880 1217564
15.1 1215248 1211880 1217564
15.1 1215248 1211880 1217564
15.1 1215248 1211880 1217564
15.1 1215248 1211880 1217564
15.1 1215248 1211880 1217564
15.1 1215248 1211880 1217564
15.1 1215248 1211880 1217564
