coretemp-isa-0000
Adapter: ISA adapter
Package id 0:  +57.0°C  (high = +100.0°C, crit = +100.0°C)
Core 0:        +56.0°C  (high = +100.0°C, crit = +100.0°C)
Core 1:        +57.0°C  (high = +100.0°C, crit = +100.0°C)

dell_smm-virtual-0
Adapter: Virtual device
Processor Fan:    0 RPM
CPU:            +58.0°C  
Ambient:        +49.0°C  
GPU:            +45.0°C  

BAT0-acpi-0
Adapter: ACPI interface
in0:          14.15 V  
curr1:       539.00 mA 

radeon-pci-0100
Adapter: PCI adapter
temp1:            N/A  (crit = +120.0°C, hyst = +90.0°C)

iwlwifi_1-virtual-0
Adapter: Virtual device
temp1:        +50.0°C  

pch_skylake-virtual-0
Adapter: Virtual device
temp1:        +49.5°C  

acpitz-acpi-0
Adapter: ACPI interface
temp1:        +25.0°C  (crit = +107.0°C)

%MEM   RSS  SIZE    VSZ
 0.9 72980 69604  75288
14.9 1202636 1199392 1205076
15.1 1215056 1211656 1217340
15.1 1215056 1211656 1217340
15.1 1215056 1211656 1217340
15.1 1215056 1211656 1217340
15.1 1215056 1211656 1217340
15.1 1215056 1211656 1217340
15.1 1215056 1211656 1217340
15.1 1215056 1211656 1217340
15.1 1215056 1211656 1217340
15.1 1215056 1211656 1217340
15.1 1215056 1211656 1217340
15.1 1215056 1211656 1217340
15.1 1215056 1211656 1217340
15.1 1215056 1211656 1217340
15.1 1215056 1211656 1217340
15.1 1215056 1211656 1217340
15.1 1215056 1211656 1217340
15.1 1215056 1211656 1217340
15.1 1215056 1211656 1217340
15.1 1215056 1211656 1217340
15.1 1215056 1211656 1217340
15.1 1215056 1211656 1217340
15.1 1215056 1211656 1217340
15.1 1215056 1211656 1217340
15.1 1215056 1211656 1217340
15.1 1215056 1211656 1217340
15.1 1215056 1211656 1217340
15.1 1215056 1211656 1217340
15.1 1215056 1211656 1217340
15.1 1215056 1211656 1217340
15.1 1215056 1211656 1217340
15.1 1215056 1211656 1217340
15.1 1215056 1211656 1217340
15.1 1215056 1211656 1217340
15.1 1215056 1211656 1217340
15.1 1215056 1211656 1217340
15.1 1215056 1211656 1217340
15.1 1215056 1211788 1217472
15.1 1215056 1211788 1217472
15.1 1215056 1211788 1217472
15.1 1215056 1211788 1217472
15.1 1215056 1211788 1217472
15.1 1215056 1211788 1217472
15.1 1215056 1211788 1217472
15.1 1215056 1211788 1217472
15.1 1215056 1211788 1217472
15.1 1215056 1211788 1217472
15.1 1215056 1211788 1217472
15.1 1215056 1211788 1217472
15.1 1215056 1211788 1217472
15.1 1215056 1211788 1217472
15.1 1215056 1211788 1217472
15.1 1215056 1211788 1217472
15.1 1215056 1211788 1217472
15.1 1215056 1211788 1217472
15.1 1215056 1211788 1217472
15.1 1215056 1211788 1217472
15.1 1215056 1211788 1217472
