coretemp-isa-0000
Adapter: ISA adapter
Package id 0:  +50.0°C  (high = +100.0°C, crit = +100.0°C)
Core 0:        +49.0°C  (high = +100.0°C, crit = +100.0°C)
Core 1:        +47.0°C  (high = +100.0°C, crit = +100.0°C)

dell_smm-virtual-0
Adapter: Virtual device
Processor Fan: 2904 RPM
CPU:            +59.0°C  
Ambient:        +46.0°C  
GPU:            +45.0°C  

BAT0-acpi-0
Adapter: ACPI interface
in0:          16.44 V  
curr1:       1000.00 uA 

radeon-pci-0100
Adapter: PCI adapter
temp1:            N/A  (crit = +120.0°C, hyst = +90.0°C)

iwlwifi_1-virtual-0
Adapter: Virtual device
temp1:        +40.0°C  

pch_skylake-virtual-0
Adapter: Virtual device
temp1:        +46.5°C  

acpitz-acpi-0
Adapter: ACPI interface
temp1:        +25.0°C  (crit = +107.0°C)

%MEM   RSS  SIZE    VSZ
 0.0  5944  2416   8100
 0.0  5944  2416   8100
 0.0  5944  2416   8100
 0.0  5944  2416   8100
 0.0  5944  2416   8100
 0.0  5944  2548   8232
 0.0  5944  2548   8232
 0.0  5944  2548   8232
 0.0  5944  2548   8232
 0.0  5944  2548   8232
 0.0  5944  2548   8232
 0.0  5944  2548   8232
 0.0  5944  2548   8232
 0.0  5944  2548   8232
 0.0  5944  2548   8232
 0.0  5944  2548   8232
 0.0  5944  2548   8232
 0.0  5944  2548   8232
 0.0  5944  2548   8232
 0.0  5944  2548   8232
 0.0  5944  2548   8232
 0.0  5944  2548   8232
 0.0  5944  2548   8232
 0.0  5944  2548   8232
 0.0  5944  2548   8232
 0.0  5944  2548   8232
 0.0  5944  2548   8232
 0.0  5944  2548   8232
 0.0  5944  2548   8232
 0.0  5944  2548   8232
 0.0  5944  2548   8232
 0.0  5944  2548   8232
 0.0  5944  2548   8232
 0.0  5944  2548   8232
 0.0  5944  2548   8232
 0.0  5944  2548   8232
 0.0  5944  2548   8232
 0.0  5944  2548   8232
 0.0  5944  2548   8232
 0.0  5944  2548   8232
 0.0  5944  2548   8232
 0.0  5944  2548   8232
 0.0  5944  2548   8232
 0.0  5944  2548   8232
 0.0  5944  2548   8232
 0.0  5944  2548   8232
 0.0  5944  2548   8232
 0.0  5944  2548   8232
 0.0  5944  2548   8232
 0.0  5944  2548   8232
 0.0  5944  2548   8232
 0.0  5944  2548   8232
 0.0  5944  2548   8232
 0.0  5944  2548   8232
 0.0  5944  2548   8232
 0.0  5944  2548   8232
 0.0  5944  2548   8232
 0.0  5944  2548   8232
 0.0  5944  2548   8232
 0.0  5944  2548   8232
 0.0  5944  2548   8232
 0.0  5944  2548   8232
 0.0  5944  2548   8232
 0.0  5944  2548   8232
 0.0  5944  2548   8232
 0.0  5944  2548   8232
 0.0  5944  2548   8232
 0.0  5944  2548   8232
 0.0  5944  2548   8232
 0.0  5944  2548   8232
 0.0  5944  2548   8232
 0.0  5944  2548   8232
 0.0  5944  2548   8232
 0.0  5944  2548   8232
 0.0  5944  2548   8232
 0.0  5944  2548   8232
 0.0  5944  2548   8232
 0.0  5944  2548   8232
 0.0  5944  2548   8232
 0.0  5944  2548   8232
 0.0  5944  2548   8232
 0.0  5944  2548   8232
 0.0  5944  2548   8232
 0.0  5944  2548   8232
 0.0  5944  2548   8232
 0.0  5944  2548   8232
 0.0  5944  2548   8232
 0.0  5944  2548   8232
 0.0  5944  2548   8232
 0.0  5944  2548   8232
 0.0  5944  2548   8232
 0.0  5944  2548   8232
 0.0  5944  2548   8232
 0.0  5944  2548   8232
 0.0  5944  2548   8232
 0.0  5944  2548   8232
 0.0  5944  2548   8232
 0.0  5944  2548   8232
 0.0  5944  2548   8232
 0.0  5944  2548   8232
 0.0  5944  2548   8232
 0.0  5944  2548   8232
 0.0  5944  2548   8232
 0.0  5944  2548   8232
 0.0  5944  2548   8232
 0.0  5944  2548   8232
 0.0  5944  2548   8232
 0.0  5944  2548   8232
 0.0  5944  2548   8232
 0.0  5944  2548   8232
 0.0  5944  2548   8232
 0.0  5944  2548   8232
 0.0  5944  2548   8232
 0.0  5944  2548   8232
 0.0  5944  2548   8232
 0.0  5944  2548   8232
 0.0  5944  2548   8232
 0.0  5944  2548   8232
 0.0  5944  2548   8232
 0.0  5944  2548   8232
 0.0  5944  2548   8232
 0.0  5944  2548   8232
 0.0  5944  2548   8232
 0.0  5944  2548   8232
 0.0  5944  2548   8232
 0.0  5944  2548   8232
 0.0  5944  2548   8232
 0.0  5944  2548   8232
 0.0  5944  2548   8232
 0.0  5944  2548   8232
 0.0  5944  2548   8232
 0.0  5944  2548   8232
 0.0  5944  2548   8232
 0.0  5944  2548   8232
 0.0  5944  2548   8232
 0.0  5944  2548   8232
 0.0  5944  2548   8232
 0.0  5944  2548   8232
 0.0  5944  2548   8232
 0.0  5944  2548   8232
 0.0  5944  2548   8232
 0.0  5944  2548   8232
 0.0  5944  2548   8232
 0.0  5944  2548   8232
 0.0  5944  2548   8232
 0.0  5944  2548   8232
 0.0  5944  2548   8232
 0.0  5944  2548   8232
 0.0  5944  2548   8232
 0.0  5944  2548   8232
 0.0  5944  2548   8232
 0.0  5944  2548   8232
 0.0  5944  2548   8232
 0.0  5944  2548   8232
 0.0  5944  2548   8232
 0.0  5944  2548   8232
 0.0  5944  2548   8232
 0.0  5944  2548   8232
 0.0  5944  2548   8232
 0.0  5944  2548   8232
 0.0  5944  2548   8232
 0.0  5944  2548   8232
 0.0  5944  2548   8232
 0.0  5944  2548   8232
 0.0  5944  2548   8232
 0.0  5944  2548   8232
 0.0  5944  2548   8232
 0.0  5944  2548   8232
 0.0  5944  2548   8232
 0.0  5944  2548   8232
 0.0  5944  2548   8232
 0.0  5944  2548   8232
 0.0  5944  2548   8232
 0.0  5944  2548   8232
 0.0  5944  2548   8232
 0.0  5944  2548   8232
 0.0  5944  2548   8232
 0.0  5944  2548   8232
 0.0  5944  2548   8232
 0.0  5944  2548   8232
 0.0  5944  2548   8232
 0.0  5944  2548   8232
 0.0  5944  2548   8232
 0.0  5944  2548   8232
 0.0  5944  2548   8232
 0.0  5944  2548   8232
 0.0  5944  2548   8232
 0.0  5944  2548   8232
 0.0  5944  2548   8232
 0.0  5944  2548   8232
 0.0  5944  2548   8232
 0.0  5944  2548   8232
 0.0  5944  2548   8232
 0.0  5944  2548   8232
 0.0  5944  2548   8232
 0.0  5944  2548   8232
 0.0  5944  2548   8232
 0.0  5944  2548   8232
 0.0  5944  2548   8232
 0.0  5944  2548   8232
 0.0  5944  2548   8232
 0.0  5944  2548   8232
 0.0  5944  2548   8232
 0.0  5944  2548   8232
 0.0  5944  2548   8232
 0.0  5944  2548   8232
 0.0  5944  2548   8232
 0.0  5944  2548   8232
 0.0  5944  2548   8232
 0.0  5944  2548   8232
 0.0  5944  2548   8232
 0.0  5944  2548   8232
 0.0  5944  2548   8232
 0.0  5944  2548   8232
 0.0  5944  2548   8232
 0.0  5944  2548   8232
 0.0  5944  2548   8232
 0.0  5944  2548   8232
 0.0  5944  2548   8232
 0.0  5944  2548   8232
 0.0  5944  2548   8232
 0.0  5944  2548   8232
 0.0  5944  2548   8232
 0.0  5944  2548   8232
 0.0  5944  2548   8232
 0.0  5944  2548   8232
 0.0  5944  2548   8232
 0.0  5944  2548   8232
 0.0  5944  2548   8232
 0.0  5944  2548   8232
 0.0  5944  2548   8232
 0.0  5944  2548   8232
 0.0  5944  2548   8232
 0.0  5944  2548   8232
 0.0  5944  2548   8232
 0.0  5944  2548   8232
 0.0  5944  2548   8232
 0.0  5944  2548   8232
 0.0  5944  2548   8232
 0.0  5944  2548   8232
 0.0  5944  2548   8232
 0.0  5944  2548   8232
 0.0  5944  2548   8232
 0.0  5944  2548   8232
 0.0  5944  2548   8232
 0.0  5944  2548   8232
 0.0  5944  2548   8232
 0.0  5944  2548   8232
 0.0  5944  2548   8232
 0.0  5944  2548   8232
 0.0  5944  2548   8232
 0.0  5944  2548   8232
 0.0  5944  2548   8232
 0.0  5944  2548   8232
 0.0  5944  2548   8232
 0.0  5944  2548   8232
 0.0  5944  2548   8232
 0.0  5944  2548   8232
 0.0  5944  2548   8232
 0.0  5944  2548   8232
 0.0  5944  2548   8232
 0.0  5944  2548   8232
 0.0  5944  2548   8232
 0.0  5944  2548   8232
 0.0  5944  2548   8232
 0.0  5944  2548   8232
 0.0  5944  2548   8232
 0.0  5944  2548   8232
 0.0  5944  2548   8232
 0.0  5944  2548   8232
 0.0  5944  2548   8232
 0.0  5944  2548   8232
 0.0  5944  2548   8232
 0.0  5944  2548   8232
 0.0  5944  2548   8232
 0.0  5944  2548   8232
 0.0  5944  2548   8232
 0.0  5944  2548   8232
 0.0  5944  2548   8232
 0.0  5944  2548   8232
 0.0  5944  2548   8232
 0.0  5944  2548   8232
 0.0  5944  2548   8232
 0.0  5944  2548   8232
 0.0  5944  2548   8232
 0.0  5944  2548   8232
 0.0  5944  2548   8232
 0.0  5944  2548   8232
 0.0  5944  2548   8232
 0.0  5944  2548   8232
 0.0  5944  2548   8232
 0.0  5944  2548   8232
 0.0  5944  2548   8232
 0.0  5944  2548   8232
 0.0  5944  2548   8232
 0.0  5944  2548   8232
 0.0  5944  2548   8232
 0.0  5944  2548   8232
 0.0  5944  2548   8232
 0.0  5944  2548   8232
 0.0  5944  2548   8232
 0.0  5944  2548   8232
 0.0  5944  2548   8232
 0.0  5944  2548   8232
 0.0  5944  2548   8232
 0.0  5944  2548   8232
 0.0  5944  2548   8232
 0.0  5944  2548   8232
 0.0  5944  2548   8232
 0.0  5944  2548   8232
 0.0  5944  2548   8232
 0.0  5944  2548   8232
 0.0  5944  2548   8232
 0.0  5944  2548   8232
 0.0  5944  2548   8232
 0.0  5944  2548   8232
 0.0  5944  2548   8232
 0.0  5944  2548   8232
 0.0  5944  2548   8232
 0.0  5944  2548   8232
 0.0  5944  2548   8232
 0.0  5944  2548   8232
 0.0  5944  2548   8232
 0.0  5944  2548   8232
 0.0  5944  2548   8232
 0.0  5944  2548   8232
 0.0  5944  2548   8232
 0.0  5944  2548   8232
 0.0  5944  2548   8232
 0.0  5944  2548   8232
 0.0  5944  2548   8232
 0.0  5944  2548   8232
 0.0  5944  2548   8232
 0.0  5944  2548   8232
 0.0  5944  2548   8232
 0.0  5944  2548   8232
 0.0  5944  2548   8232
 0.0  5944  2548   8232
 0.0  5944  2548   8232
 0.0  5944  2548   8232
 0.0  5944  2548   8232
 0.0  5944  2548   8232
 0.0  5944  2548   8232
 0.0  5944  2548   8232
 0.0  5944  2548   8232
 0.0  5944  2548   8232
 0.0  5944  2548   8232
 0.0  5944  2548   8232
 0.0  5944  2548   8232
 0.0  5944  2548   8232
 0.0  5944  2548   8232
 0.0  5944  2548   8232
 0.0  5944  2548   8232
 0.0  5944  2548   8232
 0.0  5944  2548   8232
 0.0  5944  2548   8232
 0.0  5944  2548   8232
 0.0  5944  2548   8232
 0.0  5944  2548   8232
 0.0  5944  2548   8232
 0.0  5944  2548   8232
 0.0  5944  2548   8232
 0.0  5944  2548   8232
 0.0  5944  2548   8232
 0.0  5944  2548   8232
 0.0  5944  2548   8232
 0.0  5944  2548   8232
 0.0  5944  2548   8232
 0.0  5944  2548   8232
 0.0  5944  2548   8232
 0.0  5944  2548   8232
 0.0  5944  2548   8232
 0.0  5944  2548   8232
 0.0  5944  2548   8232
 0.0  5944  2548   8232
 0.0  5944  2548   8232
 0.0  5944  2548   8232
 0.0  5944  2548   8232
 0.0  5944  2548   8232
 0.0  5944  2548   8232
 0.0  5944  2548   8232
 0.0  5944  2548   8232
 0.0  5944  2548   8232
 0.0  5944  2548   8232
 0.0  5944  2548   8232
 0.0  5944  2548   8232
 0.0  5944  2548   8232
 0.0  5944  2548   8232
 0.0  5944  2548   8232
 0.0  5944  2548   8232
 0.0  5944  2548   8232
 0.0  5944  2548   8232
 0.0  5944  2548   8232
 0.0  5944  2548   8232
 0.0  5944  2548   8232
 0.0  5944  2548   8232
 0.0  5944  2548   8232
 0.0  5944  2548   8232
 0.0  5932  2548   8232
 0.0  5892  2548   8232
 0.0  5864  2548   8232
 0.0  5668  2548   8232
 0.0  5668  2548   8232
 0.0  5668  2548   8232
 0.0  5668  2548   8232
 0.0  5668  2548   8232
 0.0  5668  2548   8232
 0.0  5668  2548   8232
 0.0  5668  2548   8232
 0.0  5668  2548   8232
 0.0  5668  2548   8232
 0.0  5668  2548   8232
 0.0  5668  2548   8232
 0.0  5668  2548   8232
 0.0  5668  2548   8232
 0.0  5668  2548   8232
 0.0  5668  2548   8232
 0.0  5668  2548   8232
 0.0  5668  2548   8232
 0.0  5668  2548   8232
 0.0  5668  2548   8232
 0.0  5668  2548   8232
 0.0  5668  2548   8232
 0.0  5668  2548   8232
 0.0  5668  2548   8232
 0.0  5668  2548   8232
 0.0  5668  2548   8232
 0.0  5668  2548   8232
 0.0  5668  2548   8232
 0.0  5668  2548   8232
 0.0  5668  2548   8232
 0.0  5668  2548   8232
 0.0  5668  2548   8232
 0.0  5668  2548   8232
 0.0  5668  2548   8232
 0.0  5668  2548   8232
 0.0  5668  2548   8232
 0.0  5668  2548   8232
 0.0  5668  2548   8232
 0.0  5668  2548   8232
 0.0  5668  2548   8232
 0.0  5668  2548   8232
 0.0  5668  2548   8232
 0.0  5668  2548   8232
 0.0  5668  2548   8232
 0.0  5668  2548   8232
 0.0  5668  2548   8232
 0.0  5668  2548   8232
 0.0  5668  2548   8232
 0.0  5668  2548   8232
 0.0  5668  2548   8232
 0.0  5668  2548   8232
 0.0  5668  2548   8232
 0.0  5668  2548   8232
 0.0  5668  2548   8232
 0.0  5668  2548   8232
 0.0  5668  2548   8232
 0.0  5668  2548   8232
 0.0  5668  2548   8232
 0.0  5668  2548   8232
 0.0  5668  2548   8232
 0.0  5668  2548   8232
 0.0  5668  2548   8232
 0.0  5668  2548   8232
 0.0  5668  2548   8232
 0.0  5668  2548   8232
 0.0  5668  2548   8232
 0.0  5668  2548   8232
 0.0  5668  2548   8232
 0.0  5668  2548   8232
 0.0  5668  2548   8232
 0.0  5668  2548   8232
 0.0  5668  2548   8232
 0.0  5668  2548   8232
 0.0  5668  2548   8232
 0.0  5668  2548   8232
 0.0  5668  2548   8232
 0.0  5668  2548   8232
 0.0  5668  2548   8232
 0.0  5668  2548   8232
 0.0  5668  2548   8232
 0.0  5668  2548   8232
 0.0  5668  2548   8232
 0.0  5668  2548   8232
 0.0  5668  2548   8232
 0.0  5668  2548   8232
 0.0  5668  2548   8232
 0.0  5668  2548   8232
 0.0  5668  2548   8232
 0.0  5668  2548   8232
 0.0  5668  2548   8232
 0.0  5668  2548   8232
 0.0  5668  2548   8232
 0.0  5668  2548   8232
 0.0  5668  2548   8232
 0.0  5668  2548   8232
 0.0  5668  2548   8232
 0.0  5668  2548   8232
 0.0  5668  2548   8232
 0.0  5668  2548   8232
 0.0  5668  2548   8232
 0.0  5668  2548   8232
 0.0  5668  2548   8232
 0.0  5668  2548   8232
 0.0  5668  2548   8232
 0.0  5668  2548   8232
 0.0  5668  2548   8232
 0.0  5668  2548   8232
 0.0  5668  2548   8232
 0.0  5668  2548   8232
 0.0  5668  2548   8232
 0.0  5668  2548   8232
 0.0  5668  2548   8232
 0.0  5668  2548   8232
