coretemp-isa-0000
Adapter: ISA adapter
Package id 0:  +54.0°C  (high = +100.0°C, crit = +100.0°C)
Core 0:        +52.0°C  (high = +100.0°C, crit = +100.0°C)
Core 1:        +52.0°C  (high = +100.0°C, crit = +100.0°C)

dell_smm-virtual-0
Adapter: Virtual device
Processor Fan: 2909 RPM
CPU:            +57.0°C  
Ambient:        +49.0°C  
GPU:            +45.0°C  

BAT0-acpi-0
Adapter: ACPI interface
in0:          16.44 V  
curr1:       1000.00 uA 

radeon-pci-0100
Adapter: PCI adapter
temp1:            N/A  (crit = +120.0°C, hyst = +90.0°C)

iwlwifi_1-virtual-0
Adapter: Virtual device
temp1:        +41.0°C  

pch_skylake-virtual-0
Adapter: Virtual device
temp1:        +48.5°C  

acpitz-acpi-0
Adapter: ACPI interface
temp1:        +25.0°C  (crit = +107.0°C)

%MEM   RSS  SIZE    VSZ
 0.0  5688  2424   8108
 0.0  5688  2424   8108
 0.0  5688  2424   8108
 0.0  5688  2424   8108
 0.0  5688  2424   8108
 0.0  5688  2424   8108
 0.0  5688  2424   8108
 0.0  5688  2424   8108
 0.0  5688  2424   8108
 0.0  5688  2424   8108
 0.0  5688  2424   8108
 0.0  5688  2424   8108
 0.0  5952  2424   8108
 0.0  5952  2424   8108
 0.0  5952  2424   8108
 0.0  5952  2424   8108
 0.0  5952  2424   8108
 0.0  5952  2424   8108
 0.0  5952  2424   8108
 0.0  5952  2424   8108
 0.0  5952  2424   8108
 0.0  5952  2424   8108
 0.0  5952  2424   8108
 0.0  5952  2424   8108
 0.0  5952  2424   8108
 0.0  5952  2424   8108
 0.0  5952  2424   8108
 0.0  5952  2424   8108
 0.0  5952  2424   8108
 0.0  5952  2424   8108
 0.0  5952  2424   8108
 0.0  5952  2424   8108
 0.0  5952  2424   8108
 0.0  5952  2424   8108
 0.0  5952  2424   8108
 0.0  5952  2424   8108
 0.0  5952  2424   8108
 0.0  5952  2424   8108
 0.0  5952  2424   8108
 0.0  5952  2424   8108
 0.0  5952  2424   8108
 0.0  5952  2424   8108
 0.0  5952  2424   8108
 0.0  5952  2424   8108
 0.0  5952  2424   8108
 0.0  5952  2424   8108
 0.0  5952  2424   8108
 0.0  5952  2424   8108
 0.0  5952  2424   8108
 0.0  5952  2424   8108
 0.0  5952  2424   8108
 0.0  5952  2424   8108
 0.0  5952  2424   8108
 0.0  5952  2424   8108
 0.0  5952  2424   8108
 0.0  5952  2424   8108
 0.0  5952  2424   8108
 0.0  5952  2424   8108
 0.0  5952  2424   8108
 0.0  5952  2424   8108
 0.0  5952  2424   8108
 0.0  5952  2424   8108
 0.0  5952  2424   8108
 0.0  5952  2424   8108
 0.0  5952  2424   8108
 0.0  5952  2424   8108
 0.0  5952  2424   8108
 0.0  5952  2424   8108
 0.0  5952  2424   8108
 0.0  5952  2424   8108
 0.0  5952  2424   8108
 0.0  5952  2424   8108
 0.0  5952  2424   8108
 0.0  5952  2424   8108
 0.0  5952  2424   8108
 0.0  5952  2424   8108
 0.0  5952  2424   8108
 0.0  5952  2424   8108
 0.0  5952  2424   8108
 0.0  5952  2424   8108
 0.0  5952  2424   8108
 0.0  5892  2424   8108
 0.0  5892  2424   8108
 0.0  5892  2424   8108
 0.0  5892  2424   8108
 0.0  5892  2424   8108
 0.0  5892  2424   8108
 0.0  5892  2424   8108
 0.0  5892  2424   8108
 0.0  5892  2424   8108
 0.0  5892  2424   8108
 0.0  5892  2424   8108
 0.0  5892  2424   8108
 0.0  5892  2424   8108
 0.0  5892  2424   8108
 0.0  5892  2424   8108
 0.0  5892  2424   8108
 0.0  5892  2424   8108
 0.0  5892  2424   8108
 0.0  5892  2424   8108
 0.0  5892  2424   8108
 0.0  5892  2424   8108
 0.0  5888  2424   8108
 0.0  5888  2424   8108
 0.0  5888  2424   8108
 0.0  5888  2424   8108
 0.0  5888  2424   8108
 0.0  5880  2424   8108
 0.0  5880  2424   8108
 0.0  5880  2424   8108
 0.0  5880  2424   8108
 0.0  5880  2424   8108
 0.0  5880  2424   8108
 0.0  5880  2424   8108
 0.0  5880  2424   8108
 0.0  5880  2424   8108
 0.0  5880  2424   8108
 0.0  5880  2424   8108
 0.0  5880  2424   8108
 0.0  5880  2424   8108
 0.0  5880  2424   8108
 0.0  5880  2424   8108
 0.0  5880  2424   8108
 0.0  5880  2424   8108
 0.0  5880  2424   8108
 0.0  5880  2424   8108
 0.0  5880  2424   8108
 0.0  5880  2424   8108
 0.0  5880  2424   8108
 0.0  5880  2424   8108
 0.0  5880  2424   8108
 0.0  5880  2424   8108
 0.0  5880  2424   8108
 0.0  5880  2424   8108
 0.0  5880  2424   8108
 0.0  5880  2424   8108
 0.0  5880  2424   8108
 0.0  5880  2424   8108
 0.0  5880  2424   8108
 0.0  5880  2424   8108
 0.0  5880  2424   8108
 0.0  5880  2424   8108
 0.0  5880  2424   8108
 0.0  5880  2424   8108
 0.0  5880  2424   8108
 0.0  5880  2424   8108
 0.0  5880  2424   8108
 0.0  5880  2424   8108
 0.0  5880  2424   8108
 0.0  5880  2424   8108
 0.0  5880  2424   8108
 0.0  5880  2424   8108
 0.0  5880  2424   8108
 0.0  5880  2424   8108
 0.0  5880  2424   8108
 0.0  5880  2424   8108
 0.0  5880  2424   8108
 0.0  5880  2424   8108
 0.0  5880  2424   8108
 0.0  5880  2424   8108
 0.0  5880  2424   8108
 0.0  5880  2424   8108
 0.0  5880  2424   8108
 0.0  5880  2424   8108
 0.0  5880  2424   8108
 0.0  5880  2424   8108
 0.0  5880  2424   8108
 0.0  5880  2424   8108
 0.0  5880  2424   8108
 0.0  5880  2424   8108
 0.0  5880  2424   8108
 0.0  5880  2424   8108
 0.0  5880  2424   8108
 0.0  5880  2424   8108
 0.0  5880  2424   8108
 0.0  5880  2424   8108
 0.0  5880  2424   8108
 0.0  5880  2424   8108
 0.0  5880  2424   8108
 0.0  5880  2424   8108
 0.0  5880  2424   8108
 0.0  5880  2424   8108
 0.0  5880  2424   8108
 0.0  5880  2424   8108
 0.0  5880  2424   8108
 0.0  5880  2424   8108
 0.0  5880  2424   8108
 0.0  5880  2424   8108
 0.0  5880  2424   8108
 0.0  5880  2424   8108
 0.0  5880  2424   8108
 0.0  5880  2424   8108
 0.0  5880  2424   8108
 0.0  5880  2424   8108
 0.0  5880  2424   8108
 0.0  5880  2424   8108
 0.0  5880  2424   8108
 0.0  5880  2424   8108
 0.0  5880  2424   8108
 0.0  5880  2424   8108
 0.0  5880  2424   8108
 0.0  5880  2424   8108
 0.0  5880  2424   8108
 0.0  5880  2424   8108
 0.0  5880  2424   8108
 0.0  5880  2424   8108
 0.0  5880  2424   8108
 0.0  5880  2424   8108
 0.0  5880  2424   8108
 0.0  5880  2424   8108
 0.0  5880  2424   8108
 0.0  5880  2424   8108
 0.0  5880  2424   8108
 0.0  5880  2424   8108
 0.0  5880  2424   8108
 0.0  5880  2424   8108
 0.0  5880  2424   8108
 0.0  5880  2424   8108
 0.0  5700  2424   8108
 0.0  5700  2424   8108
 0.0  5700  2424   8108
 0.0  5700  2424   8108
 0.0  5700  2424   8108
 0.0  5700  2424   8108
 0.0  5700  2424   8108
 0.0  5700  2424   8108
 0.0  5700  2424   8108
 0.0  5700  2424   8108
 0.0  5668  2424   8108
 0.0  5464  2424   8108
 0.0  5464  2424   8108
 0.0  5464  2424   8108
 0.0  5464  2424   8108
 0.0  5464  2424   8108
 0.0  4860  2424   8108
 0.0  4860  2424   8108
 0.0  4848  2424   8108
 0.0  4848  2424   8108
 0.0  4848  2424   8108
 0.0  4848  2424   8108
 0.0  4848  2424   8108
 0.0  4848  2424   8108
 0.0  4848  2424   8108
 0.0  4848  2424   8108
 0.0  4848  2424   8108
 0.0  4848  2424   8108
 0.0  4848  2424   8108
 0.0  4848  2424   8108
 0.0  4848  2424   8108
 0.0  4848  2424   8108
 0.0  4848  2424   8108
 0.0  4848  2424   8108
 0.0  4848  2424   8108
 0.0  4848  2424   8108
 0.0  4848  2424   8108
 0.0  4848  2424   8108
 0.0  4848  2424   8108
 0.0  4848  2424   8108
 0.0  4848  2424   8108
 0.0  4848  2424   8108
 0.0  4848  2424   8108
 0.0  4848  2424   8108
 0.0  4848  2424   8108
 0.0  4848  2424   8108
 0.0  4848  2424   8108
 0.0  4848  2424   8108
 0.0  4848  2424   8108
 0.0  4848  2424   8108
 0.0  4848  2424   8108
 0.0  4848  2424   8108
 0.0  4848  2424   8108
 0.0  4848  2424   8108
 0.0  4848  2424   8108
 0.0  4848  2424   8108
 0.0  4848  2424   8108
 0.0  4848  2424   8108
 0.0  4848  2424   8108
 0.0  4848  2424   8108
 0.0  4848  2424   8108
 0.0  4848  2424   8108
 0.0  4848  2424   8108
 0.0  4848  2424   8108
 0.0  4848  2424   8108
 0.0  4848  2424   8108
 0.0  4848  2424   8108
 0.0  4848  2424   8108
 0.0  4848  2424   8108
 0.0  4848  2424   8108
 0.0  4848  2424   8108
 0.0  4848  2424   8108
 0.0  4848  2424   8108
 0.0  4848  2424   8108
 0.0  4848  2424   8108
 0.0  4848  2424   8108
 0.0  4848  2424   8108
 0.0  4848  2424   8108
 0.0  4848  2424   8108
 0.0  4848  2424   8108
 0.0  4848  2424   8108
 0.0  4848  2424   8108
 0.0  4848  2424   8108
 0.0  4848  2424   8108
 0.0  4848  2424   8108
 0.0  4848  2424   8108
 0.0  4848  2424   8108
 0.0  4848  2424   8108
 0.0  4848  2424   8108
 0.0  4848  2424   8108
 0.0  4848  2424   8108
 0.0  4848  2424   8108
 0.0  4848  2424   8108
 0.0  4848  2424   8108
 0.0  4848  2424   8108
 0.0  4848  2424   8108
 0.0  4848  2424   8108
 0.0  4848  2424   8108
 0.0  4848  2424   8108
 0.0  4848  2424   8108
 0.0  4848  2424   8108
 0.0  4848  2424   8108
 0.0  4848  2424   8108
 0.0  4848  2424   8108
 0.0  4848  2424   8108
 0.0  4848  2424   8108
 0.0  4848  2424   8108
 0.0  4848  2424   8108
 0.0  4848  2424   8108
 0.0  4848  2424   8108
 0.0  4848  2424   8108
 0.0  4848  2424   8108
 0.0  4848  2424   8108
 0.0  4848  2424   8108
 0.0  4848  2424   8108
 0.0  4848  2424   8108
 0.0  4848  2424   8108
 0.0  4848  2424   8108
 0.0  4848  2424   8108
 0.0  4848  2424   8108
 0.0  4848  2424   8108
 0.0  4848  2424   8108
 0.0  4848  2424   8108
 0.0  4848  2424   8108
 0.0  4848  2424   8108
 0.0  4848  2424   8108
 0.0  4848  2424   8108
 0.0  4848  2424   8108
 0.0  4848  2424   8108
 0.0  4848  2424   8108
 0.0  4848  2424   8108
 0.0  4848  2424   8108
 0.0  4848  2424   8108
 0.0  4848  2424   8108
 0.0  4848  2424   8108
 0.0  4848  2424   8108
 0.0  4848  2424   8108
 0.0  4848  2424   8108
 0.0  4848  2424   8108
 0.0  4848  2424   8108
 0.0  4848  2424   8108
 0.0  4848  2424   8108
 0.0  4848  2424   8108
 0.0  4848  2424   8108
 0.0  4848  2424   8108
 0.0  4848  2424   8108
 0.0  4848  2424   8108
 0.0  4848  2424   8108
 0.0  4848  2424   8108
 0.0  4848  2424   8108
 0.0  4848  2424   8108
 0.0  4848  2424   8108
 0.0  4848  2424   8108
 0.0  4848  2424   8108
 0.0  4848  2424   8108
 0.0  4848  2424   8108
 0.0  4848  2424   8108
 0.0  4848  2424   8108
 0.0  4848  2424   8108
 0.0  4848  2424   8108
 0.0  4848  2424   8108
 0.0  4848  2424   8108
 0.0  4848  2424   8108
 0.0  4848  2424   8108
 0.0  4848  2424   8108
 0.0  4848  2424   8108
 0.0  4848  2424   8108
 0.0  4848  2424   8108
 0.0  4848  2424   8108
 0.0  4848  2424   8108
 0.0  4848  2424   8108
 0.0  4848  2424   8108
 0.0  4848  2424   8108
 0.0  4848  2424   8108
 0.0  4848  2424   8108
 0.0  4848  2424   8108
 0.0  4848  2424   8108
 0.0  4848  2424   8108
 0.0  4848  2424   8108
 0.0  4848  2424   8108
 0.0  4848  2424   8108
 0.0  4848  2424   8108
 0.0  4848  2424   8108
 0.0  4848  2424   8108
 0.0  4848  2424   8108
 0.0  4848  2424   8108
 0.0  4848  2424   8108
 0.0  4848  2424   8108
 0.0  4848  2424   8108
 0.0  4848  2424   8108
 0.0  4848  2424   8108
 0.0  4848  2424   8108
 0.0  4848  2424   8108
 0.0  4848  2424   8108
 0.0  4848  2424   8108
 0.0  4848  2424   8108
 0.0  4848  2424   8108
 0.0  4848  2424   8108
 0.0  4848  2424   8108
 0.0  4848  2424   8108
 0.0  4848  2424   8108
 0.0  4848  2424   8108
 0.0  4848  2424   8108
 0.0  4848  2424   8108
 0.0  4848  2424   8108
 0.0  4848  2424   8108
 0.0  4848  2424   8108
 0.0  4848  2424   8108
 0.0  4848  2424   8108
 0.0  4848  2424   8108
 0.0  4848  2424   8108
 0.0  4848  2424   8108
 0.0  4848  2424   8108
 0.0  4848  2424   8108
 0.0  4848  2424   8108
 0.0  4848  2424   8108
 0.0  4848  2424   8108
 0.0  4848  2424   8108
 0.0  4848  2424   8108
 0.0  4848  2424   8108
 0.0  4848  2424   8108
 0.0  4848  2424   8108
 0.0  4848  2424   8108
 0.0  4848  2424   8108
 0.0  4848  2424   8108
 0.0  4848  2424   8108
 0.0  4848  2424   8108
 0.0  4848  2424   8108
 0.0  4848  2424   8108
 0.0  4848  2424   8108
 0.0  4848  2424   8108
 0.0  4848  2424   8108
 0.0  4848  2424   8108
 0.0  4848  2424   8108
 0.0  4848  2424   8108
 0.0  4848  2424   8108
 0.0  4848  2424   8108
 0.0  4848  2424   8108
 0.0  4848  2424   8108
 0.0  4848  2424   8108
 0.0  4848  2424   8108
 0.0  4848  2424   8108
 0.0  4848  2424   8108
 0.0  4848  2424   8108
 0.0  4848  2424   8108
 0.0  4848  2424   8108
 0.0  4848  2424   8108
 0.0  4848  2424   8108
 0.0  4848  2424   8108
 0.0  4848  2424   8108
 0.0  4848  2424   8108
 0.0  4848  2424   8108
 0.0  4848  2424   8108
 0.0  4848  2424   8108
 0.0  4848  2424   8108
 0.0  4848  2424   8108
 0.0  4848  2424   8108
 0.0  4848  2424   8108
 0.0  4848  2424   8108
 0.0  4848  2424   8108
 0.0  4848  2424   8108
 0.0  4848  2424   8108
 0.0  4848  2424   8108
 0.0  4848  2424   8108
 0.0  4848  2424   8108
 0.0  4848  2424   8108
 0.0  4848  2424   8108
 0.0  4848  2424   8108
 0.0  4848  2424   8108
 0.0  4848  2424   8108
 0.0  4848  2424   8108
 0.0  4848  2424   8108
 0.0  4848  2424   8108
 0.0  4848  2424   8108
 0.0  4848  2424   8108
 0.0  4848  2424   8108
 0.0  4848  2424   8108
 0.0  4848  2424   8108
 0.0  4848  2424   8108
 0.0  4848  2424   8108
 0.0  4848  2424   8108
 0.0  4848  2424   8108
 0.0  4848  2424   8108
 0.0  4848  2424   8108
 0.0  4848  2424   8108
 0.0  4848  2424   8108
 0.0  4848  2424   8108
 0.0  4848  2424   8108
 0.0  4848  2424   8108
 0.0  4848  2424   8108
 0.0  4848  2424   8108
 0.0  4848  2424   8108
 0.0  4848  2424   8108
 0.0  4848  2424   8108
 0.0  4848  2424   8108
 0.0  4848  2424   8108
 0.0  4848  2424   8108
 0.0  4848  2424   8108
 0.0  4848  2424   8108
 0.0  4848  2424   8108
 0.0  4848  2424   8108
 0.0  4848  2424   8108
 0.0  4848  2424   8108
 0.0  4848  2424   8108
 0.0  4848  2424   8108
 0.0  4848  2424   8108
 0.0  4848  2424   8108
 0.0  4848  2424   8108
 0.0  4848  2424   8108
 0.0  4848  2424   8108
 0.0  4848  2424   8108
 0.0  4848  2424   8108
 0.0  4848  2424   8108
 0.0  4848  2424   8108
 0.0  4848  2424   8108
 0.0  4848  2424   8108
 0.0  4848  2424   8108
 0.0  4848  2424   8108
 0.0  4848  2424   8108
 0.0  4848  2424   8108
 0.0  4848  2424   8108
 0.0  4848  2424   8108
 0.0  4848  2424   8108
 0.0  4848  2424   8108
 0.0  4848  2424   8108
 0.0  4848  2424   8108
 0.0  4848  2424   8108
 0.0  4848  2424   8108
 0.0  4848  2424   8108
 0.0  4848  2424   8108
 0.0  4848  2424   8108
 0.0  4848  2424   8108
 0.0  4848  2424   8108
 0.0  4848  2424   8108
 0.0  4848  2424   8108
 0.0  4848  2424   8108
 0.0  4848  2424   8108
 0.0  4848  2424   8108
 0.0  4848  2424   8108
 0.0  4848  2424   8108
 0.0  4848  2424   8108
 0.0  4848  2424   8108
 0.0  4848  2424   8108
 0.0  4848  2424   8108
 0.0  4848  2424   8108
 0.0  4848  2424   8108
 0.0  4848  2424   8108
 0.0  4848  2424   8108
 0.0  4848  2424   8108
 0.0  4848  2424   8108
 0.0  4848  2424   8108
 0.0  4848  2424   8108
 0.0  4848  2424   8108
 0.0  4848  2424   8108
 0.0  4848  2424   8108
 0.0  4848  2424   8108
 0.0  4848  2424   8108
 0.0  4848  2424   8108
 0.0  4848  2424   8108
 0.0  4848  2424   8108
 0.0  4848  2424   8108
 0.0  4848  2424   8108
 0.0  4848  2424   8108
 0.0  4848  2424   8108
 0.0  4848  2424   8108
 0.0  4848  2424   8108
 0.0  4848  2424   8108
 0.0  4848  2424   8108
 0.0  4848  2424   8108
 0.0  4848  2424   8108
 0.0  4848  2424   8108
 0.0  4848  2424   8108
 0.0  4848  2424   8108
 0.0  4848  2424   8108
 0.0  4848  2424   8108
 0.0  4848  2424   8108
 0.0  4848  2424   8108
 0.0  4848  2424   8108
 0.0  4848  2424   8108
 0.0  4848  2424   8108
 0.0  4848  2424   8108
 0.0  4848  2424   8108
 0.0  4848  2424   8108
 0.0  4848  2424   8108
 0.0  4848  2424   8108
 0.0  4848  2424   8108
 0.0  4848  2424   8108
 0.0  4848  2424   8108
 0.0  4848  2424   8108
 0.0  4848  2424   8108
 0.0  4848  2424   8108
 0.0  4848  2424   8108
