coretemp-isa-0000
Adapter: ISA adapter
Package id 0:  +62.0°C  (high = +100.0°C, crit = +100.0°C)
Core 0:        +62.0°C  (high = +100.0°C, crit = +100.0°C)
Core 1:        +56.0°C  (high = +100.0°C, crit = +100.0°C)

dell_smm-virtual-0
Adapter: Virtual device
Processor Fan: 3386 RPM
CPU:            +60.0°C  
Ambient:        +52.0°C  
GPU:            +45.0°C  

BAT0-acpi-0
Adapter: ACPI interface
in0:          16.39 V  
curr1:       911.00 mA 

radeon-pci-0100
Adapter: PCI adapter
temp1:            N/A  (crit = +120.0°C, hyst = +90.0°C)

iwlwifi_1-virtual-0
Adapter: Virtual device
temp1:        +52.0°C  

pch_skylake-virtual-0
Adapter: Virtual device
temp1:        +52.0°C  

acpitz-acpi-0
Adapter: ACPI interface
temp1:        +25.0°C  (crit = +107.0°C)

%MEM   RSS  SIZE    VSZ
 0.0  5760  2416   8100
 0.0  5760  2416   8100
 0.0  5760  2416   8100
 0.0  5760  2416   8100
 0.0  5760  2416   8100
 0.0  5760  2416   8100
 0.0  5760  2416   8100
 0.0  5760  2416   8100
 0.0  5760  2416   8100
 0.0  5760  2416   8100
 0.0  5760  2416   8100
 0.0  5760  2416   8100
 0.0  5760  2416   8100
 0.0  5636  2416   8100
 0.0  5636  2416   8100
 0.0  5636  2416   8100
 0.0  5636  2548   8232
 0.0  5636  2548   8232
 0.0  5636  2548   8232
 0.0  5636  2548   8232
 0.0  5636  2548   8232
 0.0  5636  2548   8232
 0.0  5636  2548   8232
 0.0  5636  2548   8232
 0.0  5636  2548   8232
 0.0  5636  2548   8232
 0.0  5636  2548   8232
 0.0  5636  2548   8232
 0.0  5636  2548   8232
 0.0  5636  2548   8232
 0.0  5636  2548   8232
 0.0  5636  2548   8232
 0.0  5636  2548   8232
 0.0  5636  2548   8232
 0.0  5636  2548   8232
 0.0  5636  2548   8232
 0.0  5636  2548   8232
 0.0  5636  2548   8232
 0.0  5636  2548   8232
 0.0  5636  2548   8232
 0.0  5636  2548   8232
 0.0  5636  2548   8232
 0.0  5636  2548   8232
 0.0  5636  2548   8232
 0.0  5636  2548   8232
 0.0  5636  2548   8232
 0.0  5636  2548   8232
 0.0  5636  2548   8232
 0.0  5636  2548   8232
 0.0  5636  2548   8232
 0.0  5636  2548   8232
 0.0  5636  2548   8232
 0.0  5636  2548   8232
 0.0  5636  2548   8232
 0.0  5636  2548   8232
 0.0  5636  2548   8232
 0.0  5636  2548   8232
 0.0  5636  2548   8232
 0.0  5636  2548   8232
 0.0  5636  2548   8232
 0.0  5636  2548   8232
 0.0  5636  2548   8232
 0.0  5636  2548   8232
 0.0  5636  2548   8232
 0.0  5636  2548   8232
 0.0  5636  2548   8232
 0.0  5636  2548   8232
 0.0  5636  2548   8232
 0.0  5636  2548   8232
 0.0  5636  2548   8232
 0.0  5636  2548   8232
 0.0  5636  2548   8232
 0.0  5636  2548   8232
 0.0  5636  2548   8232
 0.0  5636  2548   8232
 0.0  5636  2548   8232
 0.0  5636  2548   8232
 0.0  5636  2548   8232
 0.0  5636  2548   8232
 0.0  5636  2548   8232
 0.0  5636  2548   8232
 0.0  5636  2548   8232
 0.0  5636  2548   8232
 0.0  5636  2548   8232
 0.0  5636  2548   8232
 0.0  5636  2548   8232
 0.0  5636  2548   8232
 0.0  5636  2548   8232
 0.0  5636  2548   8232
 0.0  5636  2548   8232
 0.0  5636  2548   8232
 0.0  5636  2548   8232
 0.0  5636  2548   8232
 0.0  5636  2548   8232
 0.0  5636  2548   8232
 0.0  5636  2548   8232
 0.0  5636  2548   8232
 0.0  5636  2548   8232
 0.0  5636  2548   8232
 0.0  5636  2548   8232
 0.0  5636  2548   8232
 0.0  5636  2548   8232
 0.0  5636  2548   8232
 0.0  5636  2548   8232
 0.0  5636  2548   8232
 0.0  5636  2548   8232
 0.0  5636  2548   8232
 0.0  5636  2548   8232
 0.0  5636  2548   8232
 0.0  5636  2548   8232
 0.0  5636  2548   8232
 0.0  5636  2548   8232
 0.0  5636  2548   8232
 0.0  5636  2548   8232
 0.0  5636  2548   8232
 0.0  5636  2548   8232
 0.0  5636  2548   8232
 0.0  5636  2548   8232
 0.0  5636  2548   8232
 0.0  5636  2548   8232
 0.0  5636  2548   8232
 0.0  5636  2548   8232
 0.0  5636  2548   8232
 0.0  5636  2548   8232
 0.0  5636  2548   8232
 0.0  5636  2548   8232
 0.0  5636  2548   8232
 0.0  5636  2548   8232
 0.0  5636  2548   8232
 0.0  5636  2548   8232
 0.0  5636  2548   8232
 0.0  5636  2548   8232
 0.0  5636  2548   8232
 0.0  5636  2548   8232
 0.0  5636  2548   8232
 0.0  5636  2548   8232
 0.0  5636  2548   8232
 0.0  5636  2548   8232
 0.0  5636  2548   8232
 0.0  5636  2548   8232
 0.0  5636  2548   8232
 0.0  5636  2548   8232
 0.0  5636  2548   8232
 0.0  5636  2548   8232
 0.0  5636  2548   8232
 0.0  5636  2548   8232
 0.0  5636  2548   8232
 0.0  5632  2548   8232
 0.0  5632  2548   8232
 0.0  5632  2548   8232
 0.0  5632  2548   8232
 0.0  5632  2548   8232
 0.0  5632  2548   8232
 0.0  5632  2548   8232
 0.0  5632  2548   8232
 0.0  5632  2548   8232
 0.0  5632  2548   8232
 0.0  5632  2548   8232
 0.0  5632  2548   8232
 0.0  5632  2548   8232
 0.0  5632  2548   8232
 0.0  5632  2548   8232
 0.0  5632  2548   8232
 0.0  5632  2548   8232
 0.0  5632  2548   8232
 0.0  5632  2548   8232
 0.0  5632  2548   8232
 0.0  5632  2548   8232
 0.0  5632  2548   8232
 0.0  5632  2548   8232
 0.0  5632  2548   8232
 0.0  5632  2548   8232
 0.0  5632  2548   8232
 0.0  5632  2548   8232
 0.0  5632  2548   8232
 0.0  5632  2548   8232
 0.0  5632  2548   8232
 0.0  5632  2548   8232
 0.0  5632  2548   8232
 0.0  5632  2548   8232
 0.0  5632  2548   8232
 0.0  5632  2548   8232
 0.0  5632  2548   8232
 0.0  5632  2548   8232
 0.0  5632  2548   8232
 0.0  5632  2548   8232
 0.0  5632  2548   8232
 0.0  5632  2548   8232
 0.0  5632  2548   8232
 0.0  5632  2548   8232
 0.0  5560  2548   8232
 0.0  5560  2548   8232
 0.0  5560  2548   8232
 0.0  5560  2548   8232
 0.0  5560  2548   8232
 0.0  5512  2548   8232
 0.0  5512  2548   8232
 0.0  5512  2548   8232
 0.0  5512  2548   8232
 0.0  5512  2548   8232
 0.0  5512  2548   8232
 0.0  5512  2548   8232
 0.0  5512  2548   8232
 0.0  5512  2548   8232
 0.0  5512  2548   8232
 0.0  5508  2548   8232
 0.0  5508  2548   8232
 0.0  5392  2548   8232
 0.0  5392  2548   8232
 0.0  5392  2548   8232
 0.0  5320  2548   8232
 0.0  5320  2548   8232
 0.0  5320  2548   8232
 0.0  5320  2548   8232
 0.0  5320  2548   8232
 0.0  5320  2548   8232
 0.0  5320  2548   8232
 0.0  5320  2548   8232
 0.0  5320  2548   8232
 0.0  5320  2548   8232
 0.0  5320  2548   8232
 0.0  5320  2548   8232
 0.0  5320  2548   8232
 0.0  5320  2548   8232
 0.0  5204  2548   8232
 0.0  5204  2548   8232
 0.0  5204  2548   8232
 0.0  5204  2548   8232
 0.0  5204  2548   8232
 0.0  5204  2548   8232
 0.0  5204  2548   8232
 0.0  5204  2548   8232
 0.0  5204  2548   8232
 0.0  5204  2548   8232
 0.0  5204  2548   8232
 0.0  5204  2548   8232
 0.0  5204  2548   8232
 0.0  5204  2548   8232
 0.0  5204  2548   8232
 0.0  5204  2548   8232
 0.0  5204  2548   8232
 0.0  5204  2548   8232
 0.0  5204  2548   8232
 0.0  5204  2548   8232
 0.0  5204  2548   8232
 0.0  5204  2548   8232
 0.0  5204  2548   8232
 0.0  5204  2548   8232
 0.0  5204  2548   8232
 0.0  5204  2548   8232
 0.0  5204  2548   8232
 0.0  5204  2548   8232
 0.0  5204  2548   8232
 0.0  5204  2548   8232
 0.0  5204  2548   8232
 0.0  5204  2548   8232
 0.0  5204  2548   8232
 0.0  5204  2548   8232
 0.0  5204  2548   8232
 0.0  5204  2548   8232
 0.0  5204  2548   8232
 0.0  5204  2548   8232
 0.0  5204  2548   8232
 0.0  5204  2548   8232
 0.0  5204  2548   8232
 0.0  5204  2548   8232
 0.0  5204  2548   8232
 0.0  5204  2548   8232
 0.0  5204  2548   8232
 0.0  5204  2548   8232
 0.0  5204  2548   8232
 0.0  5204  2548   8232
 0.0  5204  2548   8232
 0.0  5204  2548   8232
 0.0  5204  2548   8232
 0.0  5204  2548   8232
 0.0  5204  2548   8232
 0.0  5204  2548   8232
 0.0  5204  2548   8232
 0.0  5204  2548   8232
 0.0  5204  2548   8232
 0.0  5204  2548   8232
 0.0  5204  2548   8232
 0.0  5204  2548   8232
 0.0  5204  2548   8232
 0.0  5204  2548   8232
 0.0  5204  2548   8232
 0.0  5204  2548   8232
 0.0  5204  2548   8232
 0.0  5204  2548   8232
 0.0  5204  2548   8232
 0.0  5204  2548   8232
 0.0  5204  2548   8232
 0.0  5204  2548   8232
 0.0  5204  2548   8232
 0.0  5204  2548   8232
 0.0  5204  2548   8232
 0.0  5204  2548   8232
 0.0  5204  2548   8232
 0.0  5204  2548   8232
 0.0  5204  2548   8232
 0.0  5204  2548   8232
 0.0  5204  2548   8232
 0.0  5204  2548   8232
 0.0  5204  2548   8232
 0.0  5204  2548   8232
 0.0  5204  2548   8232
 0.0  5204  2548   8232
 0.0  5204  2548   8232
 0.0  5204  2548   8232
 0.0  5204  2548   8232
 0.0  5204  2548   8232
 0.0  5204  2548   8232
 0.0  5204  2548   8232
 0.0  5204  2548   8232
 0.0  5204  2548   8232
 0.0  5204  2548   8232
 0.0  5204  2548   8232
 0.0  5204  2548   8232
 0.0  5204  2548   8232
 0.0  5204  2548   8232
 0.0  5204  2548   8232
 0.0  5204  2548   8232
 0.0  5204  2548   8232
 0.0  5204  2548   8232
 0.0  5204  2548   8232
 0.0  5204  2548   8232
 0.0  5204  2548   8232
 0.0  5204  2548   8232
 0.0  5204  2548   8232
 0.0  5204  2548   8232
 0.0  5204  2548   8232
 0.0  5204  2548   8232
 0.0  5204  2548   8232
 0.0  5204  2548   8232
 0.0  5204  2548   8232
 0.0  5204  2548   8232
 0.0  5204  2548   8232
 0.0  5204  2548   8232
 0.0  5204  2548   8232
 0.0  5204  2548   8232
 0.0  5204  2548   8232
 0.0  5204  2548   8232
 0.0  5204  2548   8232
 0.0  5204  2548   8232
 0.0  5204  2548   8232
 0.0  5204  2548   8232
 0.0  5204  2548   8232
 0.0  5204  2548   8232
 0.0  5204  2548   8232
 0.0  5204  2548   8232
 0.0  5204  2548   8232
 0.0  5204  2548   8232
 0.0  5204  2548   8232
 0.0  5204  2548   8232
 0.0  5204  2548   8232
 0.0  5204  2548   8232
 0.0  5204  2548   8232
 0.0  5204  2548   8232
 0.0  5204  2548   8232
 0.0  5204  2548   8232
 0.0  5204  2548   8232
 0.0  5204  2548   8232
 0.0  5204  2548   8232
 0.0  5204  2548   8232
 0.0  5204  2548   8232
 0.0  5204  2548   8232
 0.0  5204  2548   8232
 0.0  5204  2548   8232
 0.0  5204  2548   8232
 0.0  5204  2548   8232
 0.0  5204  2548   8232
 0.0  5204  2548   8232
 0.0  5204  2548   8232
 0.0  5204  2548   8232
 0.0  5204  2548   8232
 0.0  5204  2548   8232
 0.0  5204  2548   8232
 0.0  5204  2548   8232
 0.0  5204  2548   8232
 0.0  5204  2548   8232
 0.0  5204  2548   8232
 0.0  5204  2548   8232
 0.0  5204  2548   8232
 0.0  5204  2548   8232
 0.0  5204  2548   8232
 0.0  5204  2548   8232
 0.0  5204  2548   8232
 0.0  5204  2548   8232
 0.0  5204  2548   8232
 0.0  5204  2548   8232
 0.0  5204  2548   8232
 0.0  5204  2548   8232
 0.0  5204  2548   8232
 0.0  5204  2548   8232
 0.0  5204  2548   8232
 0.0  5204  2548   8232
 0.0  5204  2548   8232
 0.0  5204  2548   8232
 0.0  5156  2548   8232
 0.0  5156  2548   8232
 0.0  5156  2548   8232
 0.0  5156  2548   8232
 0.0  5156  2548   8232
 0.0  5156  2548   8232
 0.0  5156  2548   8232
 0.0  5156  2548   8232
 0.0  5156  2548   8232
 0.0  5156  2548   8232
 0.0  5156  2548   8232
 0.0  5156  2548   8232
 0.0  5156  2548   8232
 0.0  5156  2548   8232
 0.0  5156  2548   8232
 0.0  5156  2548   8232
 0.0  5156  2548   8232
 0.0  5156  2548   8232
 0.0  5156  2548   8232
 0.0  5156  2548   8232
 0.0  5156  2548   8232
 0.0  5156  2548   8232
 0.0  5156  2548   8232
 0.0  5156  2548   8232
 0.0  5156  2548   8232
 0.0  5156  2548   8232
 0.0  5156  2548   8232
 0.0  5156  2548   8232
 0.0  5156  2548   8232
 0.0  5156  2548   8232
 0.0  5156  2548   8232
 0.0  5156  2548   8232
 0.0  5156  2548   8232
 0.0  5156  2548   8232
 0.0  5156  2548   8232
 0.0  5156  2548   8232
 0.0  5156  2548   8232
 0.0  5156  2548   8232
 0.0  5156  2548   8232
 0.0  5156  2548   8232
 0.0  5156  2548   8232
 0.0  5156  2548   8232
 0.0  5156  2548   8232
 0.0  5156  2548   8232
 0.0  5156  2548   8232
 0.0  5156  2548   8232
 0.0  5156  2548   8232
 0.0  5156  2548   8232
 0.0  5156  2548   8232
 0.0  5156  2548   8232
 0.0  5156  2548   8232
 0.0  5156  2548   8232
 0.0  5156  2548   8232
 0.0  5156  2548   8232
 0.0  5156  2548   8232
 0.0  5156  2548   8232
 0.0  5156  2548   8232
 0.0  5156  2548   8232
 0.0  5156  2548   8232
 0.0  5156  2548   8232
 0.0  5156  2548   8232
 0.0  5156  2548   8232
 0.0  5156  2548   8232
 0.0  5156  2548   8232
 0.0  5156  2548   8232
 0.0  5156  2548   8232
 0.0  5156  2548   8232
 0.0  5156  2548   8232
 0.0  5156  2548   8232
 0.0  5156  2548   8232
 0.0  5156  2548   8232
 0.0  5156  2548   8232
 0.0  5156  2548   8232
 0.0  5156  2548   8232
 0.0  5156  2548   8232
 0.0  5156  2548   8232
 0.0  5156  2548   8232
 0.0  5156  2548   8232
 0.0  5156  2548   8232
 0.0  5156  2548   8232
 0.0  5156  2548   8232
 0.0  5156  2548   8232
 0.0  5156  2548   8232
 0.0  5156  2548   8232
 0.0  5156  2548   8232
 0.0  5156  2548   8232
 0.0  5156  2548   8232
 0.0  5156  2548   8232
 0.0  5156  2548   8232
 0.0  5156  2548   8232
 0.0  5156  2548   8232
 0.0  5156  2548   8232
 0.0  5156  2548   8232
 0.0  5156  2548   8232
 0.0  5156  2548   8232
 0.0  5156  2548   8232
 0.0  5156  2548   8232
 0.0  5156  2548   8232
 0.0  5156  2548   8232
 0.0  5156  2548   8232
 0.0  5156  2548   8232
 0.0  5156  2548   8232
 0.0  5156  2548   8232
 0.0  5156  2548   8232
 0.0  5156  2548   8232
 0.0  5156  2548   8232
 0.0  5156  2548   8232
 0.0  5156  2548   8232
 0.0  5156  2548   8232
 0.0  5156  2548   8232
 0.0  5156  2548   8232
 0.0  5156  2548   8232
 0.0  5156  2548   8232
 0.0  5156  2548   8232
 0.0  5156  2548   8232
 0.0  5156  2548   8232
 0.0  5156  2548   8232
 0.0  5156  2548   8232
 0.0  5156  2548   8232
 0.0  5156  2548   8232
 0.0  5156  2548   8232
 0.0  5156  2548   8232
 0.0  5156  2548   8232
 0.0  5156  2548   8232
 0.0  5156  2548   8232
 0.0  5156  2548   8232
 0.0  5156  2548   8232
 0.0  5156  2548   8232
 0.0  5156  2548   8232
 0.0  5156  2548   8232
 0.0  5156  2548   8232
 0.0  5156  2548   8232
 0.0  5156  2548   8232
 0.0  5156  2548   8232
 0.0  5156  2548   8232
 0.0  5156  2548   8232
 0.0  5156  2548   8232
 0.0  5156  2548   8232
 0.0  5156  2548   8232
 0.0  5156  2548   8232
 0.0  5156  2548   8232
 0.0  5156  2548   8232
 0.0  5156  2548   8232
 0.0  5156  2548   8232
 0.0  5156  2548   8232
 0.0  5156  2548   8232
 0.0  5156  2548   8232
 0.0  5156  2548   8232
 0.0  5156  2548   8232
 0.0  5156  2548   8232
 0.0  5156  2548   8232
 0.0  5156  2548   8232
 0.0  5156  2548   8232
 0.0  5156  2548   8232
 0.0  5156  2548   8232
 0.0  5156  2548   8232
 0.0  5156  2548   8232
 0.0  5156  2548   8232
 0.0  5156  2548   8232
 0.0  5156  2548   8232
 0.0  5156  2548   8232
 0.0  5156  2548   8232
 0.0  5156  2548   8232
 0.0  5156  2548   8232
 0.0  5156  2548   8232
 0.0  5156  2548   8232
 0.0  5156  2548   8232
 0.0  5156  2548   8232
 0.0  5156  2548   8232
 0.0  5156  2548   8232
 0.0  5156  2548   8232
 0.0  5156  2548   8232
 0.0  5156  2548   8232
 0.0  5156  2548   8232
 0.0  5156  2548   8232
 0.0  5156  2548   8232
 0.0  5156  2548   8232
 0.0  5156  2548   8232
 0.0  5156  2548   8232
 0.0  5156  2548   8232
 0.0  5156  2548   8232
 0.0  5156  2548   8232
 0.0  5156  2548   8232
 0.0  5156  2548   8232
 0.0  5156  2548   8232
 0.0  5156  2548   8232
 0.0  5156  2548   8232
 0.0  5156  2548   8232
 0.0  5156  2548   8232
 0.0  5156  2548   8232
 0.0  5156  2548   8232
 0.0  5156  2548   8232
 0.0  5156  2548   8232
 0.0  5156  2548   8232
 0.0  5156  2548   8232
 0.0  5156  2548   8232
 0.0  5156  2548   8232
 0.0  5156  2548   8232
 0.0  5156  2548   8232
 0.0  5156  2548   8232
 0.0  5156  2548   8232
 0.0  5156  2548   8232
 0.0  5156  2548   8232
 0.0  5156  2548   8232
 0.0  5156  2548   8232
 0.0  5156  2548   8232
 0.0  5156  2548   8232
 0.0  5156  2548   8232
 0.0  5156  2548   8232
 0.0  5156  2548   8232
 0.0  5156  2548   8232
 0.0  5156  2548   8232
 0.0  5156  2548   8232
 0.0  5156  2548   8232
 0.0  5156  2548   8232
 0.0  5156  2548   8232
 0.0  5156  2548   8232
 0.0  5156  2548   8232
 0.0  5156  2548   8232
 0.0  5156  2548   8232
 0.0  5156  2548   8232
 0.0  5156  2548   8232
 0.0  5156  2548   8232
 0.0  5156  2548   8232
 0.0  5156  2548   8232
 0.0  5156  2548   8232
 0.0  5156  2548   8232
 0.0  5156  2548   8232
 0.0  5156  2548   8232
 0.0  5156  2548   8232
 0.0  5156  2548   8232
 0.0  5156  2548   8232
 0.0  5156  2548   8232
 0.0  5156  2548   8232
 0.0  5156  2548   8232
 0.0  5156  2548   8232
 0.0  5156  2548   8232
 0.0  5156  2548   8232
 0.0  5156  2548   8232
 0.0  5156  2548   8232
 0.0  5156  2548   8232
 0.0  5156  2548   8232
 0.0  5156  2548   8232
 0.0  5156  2548   8232
 0.0  5156  2548   8232
 0.0  5156  2548   8232
 0.0  5156  2548   8232
 0.0  5156  2548   8232
 0.0  5156  2548   8232
 0.0  5156  2548   8232
 0.0  5156  2548   8232
 0.0  5156  2548   8232
 0.0  5156  2548   8232
 0.0  5156  2548   8232
 0.0  5156  2548   8232
 0.0  5156  2548   8232
 0.0  5156  2548   8232
 0.0  5156  2548   8232
 0.0  5156  2548   8232
 0.0  5156  2548   8232
 0.0  5156  2548   8232
 0.0  5156  2548   8232
 0.0  5156  2548   8232
 0.0  5156  2548   8232
 0.0  5156  2548   8232
 0.0  5156  2548   8232
 0.0  5156  2548   8232
 0.0  5156  2548   8232
 0.0  5156  2548   8232
 0.0  5156  2548   8232
 0.0  5156  2548   8232
 0.0  5156  2548   8232
 0.0  5156  2548   8232
 0.0  5156  2548   8232
 0.0  5156  2548   8232
 0.0  5156  2548   8232
 0.0  5156  2548   8232
 0.0  5156  2548   8232
 0.0  5156  2548   8232
 0.0  5156  2548   8232
 0.0  5156  2548   8232
 0.0  5156  2548   8232
 0.0  5156  2548   8232
 0.0  5156  2548   8232
 0.0  5156  2548   8232
 0.0  5156  2548   8232
 0.0  5156  2548   8232
 0.0  5156  2548   8232
 0.0  5156  2548   8232
 0.0  5156  2548   8232
 0.0  5156  2548   8232
 0.0  5156  2548   8232
 0.0  5156  2548   8232
 0.0  5156  2548   8232
 0.0  5156  2548   8232
 0.0  5156  2548   8232
 0.0  5156  2548   8232
 0.0  5156  2548   8232
 0.0  5156  2548   8232
 0.0  5156  2548   8232
 0.0  5156  2548   8232
 0.0  5156  2548   8232
 0.0  5156  2548   8232
 0.0  5156  2548   8232
 0.0  5156  2548   8232
 0.0  5156  2548   8232
 0.0  5156  2548   8232
 0.0  5156  2548   8232
 0.0  5156  2548   8232
 0.0  5156  2548   8232
 0.0  5156  2548   8232
 0.0  5156  2548   8232
 0.0  5156  2548   8232
 0.0  5156  2548   8232
 0.0  5156  2548   8232
 0.0  5156  2548   8232
 0.0  5156  2548   8232
 0.0  5156  2548   8232
 0.0  5156  2548   8232
 0.0  5156  2548   8232
 0.0  5156  2548   8232
 0.0  5156  2548   8232
 0.0  5156  2548   8232
 0.0  5156  2548   8232
 0.0  5156  2548   8232
 0.0  5156  2548   8232
 0.0  5156  2548   8232
 0.0  5156  2548   8232
 0.0  5156  2548   8232
 0.0  5156  2548   8232
 0.0  5156  2548   8232
 0.0  5156  2548   8232
 0.0  5156  2548   8232
 0.0  5156  2548   8232
 0.0  5156  2548   8232
 0.0  5156  2548   8232
 0.0  5156  2548   8232
 0.0  5156  2548   8232
 0.0  5156  2548   8232
 0.0  5156  2548   8232
 0.0  5156  2548   8232
 0.0  5156  2548   8232
 0.0  5156  2548   8232
 0.0  5156  2548   8232
 0.0  5156  2548   8232
 0.0  5156  2548   8232
 0.0  5156  2548   8232
 0.0  5156  2548   8232
 0.0  5156  2548   8232
 0.0  5156  2548   8232
 0.0  5156  2548   8232
 0.0  5156  2548   8232
 0.0  5156  2548   8232
 0.0  5156  2548   8232
 0.0  5156  2548   8232
 0.0  5156  2548   8232
 0.0  5156  2548   8232
 0.0  5156  2548   8232
 0.0  5156  2548   8232
 0.0  5156  2548   8232
 0.0  5156  2548   8232
 0.0  5156  2548   8232
 0.0  5156  2548   8232
 0.0  5156  2548   8232
 0.0  5156  2548   8232
 0.0  5156  2548   8232
 0.0  5156  2548   8232
 0.0  5156  2548   8232
 0.0  5156  2548   8232
 0.0  5156  2548   8232
 0.0  5156  2548   8232
 0.0  5156  2548   8232
 0.0  5156  2548   8232
 0.0  5156  2548   8232
 0.0  5156  2548   8232
 0.0  5156  2548   8232
 0.0  5156  2548   8232
 0.0  5156  2548   8232
 0.0  5156  2548   8232
 0.0  5156  2548   8232
 0.0  5156  2548   8232
 0.0  5156  2548   8232
 0.0  5156  2548   8232
 0.0  5156  2548   8232
 0.0  5156  2548   8232
 0.0  5156  2548   8232
 0.0  5156  2548   8232
 0.0  5156  2548   8232
 0.0  5156  2548   8232
 0.0  5156  2548   8232
 0.0  5156  2548   8232
 0.0  5156  2548   8232
 0.0  5156  2548   8232
 0.0  5156  2548   8232
 0.0  5156  2548   8232
 0.0  5156  2548   8232
 0.0  5156  2548   8232
 0.0  5156  2548   8232
 0.0  5156  2548   8232
 0.0  5156  2548   8232
 0.0  5156  2548   8232
 0.0  5156  2548   8232
 0.0  5156  2548   8232
 0.0  5156  2548   8232
 0.0  5156  2548   8232
 0.0  5156  2548   8232
 0.0  5156  2548   8232
 0.0  5156  2548   8232
 0.0  5156  2548   8232
 0.0  5156  2548   8232
 0.0  5156  2548   8232
 0.0  5156  2548   8232
 0.0  5156  2548   8232
 0.0  5156  2548   8232
 0.0  5156  2548   8232
 0.0  5156  2548   8232
 0.0  5156  2548   8232
 0.0  5156  2548   8232
 0.0  5156  2548   8232
 0.0  5156  2548   8232
 0.0  5156  2548   8232
 0.0  5156  2548   8232
 0.0  5156  2548   8232
 0.0  5156  2548   8232
 0.0  5156  2548   8232
 0.0  5156  2548   8232
 0.0  5156  2548   8232
 0.0  5156  2548   8232
 0.0  5156  2548   8232
 0.0  5156  2548   8232
 0.0  5156  2548   8232
 0.0  5156  2548   8232
 0.0  5156  2548   8232
 0.0  5156  2548   8232
 0.0  5156  2548   8232
 0.0  5156  2548   8232
 0.0  5156  2548   8232
 0.0  5156  2548   8232
 0.0  5156  2548   8232
 0.0  5156  2548   8232
 0.0  5156  2548   8232
 0.0  5156  2548   8232
 0.0  5156  2548   8232
 0.0  5156  2548   8232
 0.0  5156  2548   8232
 0.0  5156  2548   8232
 0.0  5156  2548   8232
 0.0  5156  2548   8232
 0.0  5156  2548   8232
 0.0  5156  2548   8232
 0.0  5156  2548   8232
 0.0  5156  2548   8232
 0.0  5156  2548   8232
 0.0  5156  2548   8232
 0.0  5156  2548   8232
 0.0  5156  2548   8232
 0.0  5156  2548   8232
 0.0  5156  2548   8232
 0.0  5156  2548   8232
 0.0  5156  2548   8232
 0.0  5156  2548   8232
 0.0  5156  2548   8232
 0.0  5156  2548   8232
 0.0  5156  2548   8232
 0.0  5156  2548   8232
 0.0  5156  2548   8232
 0.0  5156  2548   8232
 0.0  5156  2548   8232
 0.0  5156  2548   8232
 0.0  5156  2548   8232
 0.0  5156  2548   8232
 0.0  5156  2548   8232
 0.0  5156  2548   8232
 0.0  5156  2548   8232
 0.0  5156  2548   8232
 0.0  5156  2548   8232
 0.0  5156  2548   8232
 0.0  5156  2548   8232
 0.0  5156  2548   8232
 0.0  5156  2548   8232
 0.0  5156  2548   8232
 0.0  5156  2548   8232
 0.0  5156  2548   8232
 0.0  5156  2548   8232
 0.0  5156  2548   8232
 0.0  5156  2548   8232
 0.0  5156  2548   8232
 0.0  5156  2548   8232
 0.0  5156  2548   8232
 0.0  5156  2548   8232
 0.0  5156  2548   8232
 0.0  5156  2548   8232
 0.0  5156  2548   8232
 0.0  5156  2548   8232
 0.0  5156  2548   8232
 0.0  5156  2548   8232
 0.0  5156  2548   8232
 0.0  5156  2548   8232
 0.0  5156  2548   8232
 0.0  5156  2548   8232
 0.0  5156  2548   8232
 0.0  5156  2548   8232
 0.0  5156  2548   8232
 0.0  5156  2548   8232
 0.0  5156  2548   8232
 0.0  5156  2548   8232
 0.0  5156  2548   8232
 0.0  5156  2548   8232
 0.0  5156  2548   8232
 0.0  5156  2548   8232
 0.0  5156  2548   8232
 0.0  5156  2548   8232
 0.0  5156  2548   8232
 0.0  5156  2548   8232
 0.0  5156  2548   8232
 0.0  5156  2548   8232
 0.0  5156  2548   8232
 0.0  5156  2548   8232
 0.0  5156  2548   8232
 0.0  5156  2548   8232
 0.0  5156  2548   8232
 0.0  5156  2548   8232
 0.0  5156  2548   8232
 0.0  5156  2548   8232
 0.0  5156  2548   8232
 0.0  5156  2548   8232
 0.0  5156  2548   8232
 0.0  5156  2548   8232
 0.0  5156  2548   8232
 0.0  5156  2548   8232
 0.0  5156  2548   8232
 0.0  5156  2548   8232
 0.0  5156  2548   8232
 0.0  5156  2548   8232
 0.0  5156  2548   8232
 0.0  5156  2548   8232
 0.0  5156  2548   8232
 0.0  5156  2548   8232
 0.0  5156  2548   8232
 0.0  5156  2548   8232
 0.0  5156  2548   8232
 0.0  5156  2548   8232
 0.0  5156  2548   8232
 0.0  5156  2548   8232
 0.0  5156  2548   8232
 0.0  5156  2548   8232
 0.0  5156  2548   8232
 0.0  5156  2548   8232
 0.0  5156  2548   8232
 0.0  5156  2548   8232
 0.0  5156  2548   8232
 0.0  5156  2548   8232
 0.0  5156  2548   8232
 0.0  5156  2548   8232
 0.0  5156  2548   8232
 0.0  5156  2548   8232
 0.0  5156  2548   8232
 0.0  5156  2548   8232
 0.0  5156  2548   8232
 0.0  5156  2548   8232
 0.0  5156  2548   8232
 0.0  5156  2548   8232
 0.0  5156  2548   8232
 0.0  5156  2548   8232
 0.0  5156  2548   8232
 0.0  5156  2548   8232
 0.0  5156  2548   8232
 0.0  5156  2548   8232
 0.0  5156  2548   8232
 0.0  5156  2548   8232
 0.0  5156  2548   8232
 0.0  5156  2548   8232
 0.0  5156  2548   8232
 0.0  5156  2548   8232
 0.0  5156  2548   8232
 0.0  5156  2548   8232
 0.0  5156  2548   8232
 0.0  5156  2548   8232
 0.0  5156  2548   8232
 0.0  5156  2548   8232
 0.0  5156  2548   8232
 0.0  5156  2548   8232
 0.0  5156  2548   8232
 0.0  5156  2548   8232
 0.0  5156  2548   8232
 0.0  5156  2548   8232
 0.0  5156  2548   8232
 0.0  5156  2548   8232
 0.0  5156  2548   8232
 0.0  5156  2548   8232
 0.0  5156  2548   8232
 0.0  5156  2548   8232
 0.0  5156  2548   8232
 0.0  5156  2548   8232
 0.0  5156  2548   8232
 0.0  5156  2548   8232
 0.0  5156  2548   8232
 0.0  5156  2548   8232
 0.0  5156  2548   8232
 0.0  5156  2548   8232
 0.0  5156  2548   8232
 0.0  5156  2548   8232
 0.0  5156  2548   8232
 0.0  5156  2548   8232
 0.0  5148  2548   8232
 0.0  5148  2548   8232
 0.0  5148  2548   8232
 0.0  5148  2548   8232
 0.0  5148  2548   8232
 0.0  5148  2548   8232
 0.0  5148  2548   8232
 0.0  5148  2548   8232
 0.0  5140  2548   8232
 0.0  5140  2548   8232
 0.0  5140  2548   8232
 0.0  5140  2548   8232
 0.0  5140  2548   8232
 0.0  5140  2548   8232
 0.0  5140  2548   8232
 0.0  5140  2548   8232
 0.0  5140  2548   8232
 0.0  5140  2548   8232
 0.0  5140  2548   8232
 0.0  5140  2548   8232
 0.0  5140  2548   8232
 0.0  5140  2548   8232
 0.0  5140  2548   8232
 0.0  5140  2548   8232
 0.0  5140  2548   8232
 0.0  5140  2548   8232
 0.0  5140  2548   8232
 0.0  5140  2548   8232
 0.0  5140  2548   8232
 0.0  5140  2548   8232
 0.0  5140  2548   8232
 0.0  5140  2548   8232
 0.0  5140  2548   8232
 0.0  5140  2548   8232
 0.0  5140  2548   8232
 0.0  5140  2548   8232
 0.0  5140  2548   8232
 0.0  5140  2548   8232
 0.0  5140  2548   8232
 0.0  5140  2548   8232
 0.0  5140  2548   8232
 0.0  5140  2548   8232
 0.0  5140  2548   8232
 0.0  5140  2548   8232
 0.0  5140  2548   8232
 0.0  5140  2548   8232
 0.0  5140  2548   8232
 0.0  5140  2548   8232
 0.0  5140  2548   8232
 0.0  5140  2548   8232
 0.0  5140  2548   8232
 0.0  5140  2548   8232
 0.0  5140  2548   8232
 0.0  5140  2548   8232
 0.0  5140  2548   8232
 0.0  5140  2548   8232
 0.0  5140  2548   8232
 0.0  5140  2548   8232
 0.0  5140  2548   8232
 0.0  5140  2548   8232
 0.0  5140  2548   8232
 0.0  5140  2548   8232
 0.0  5140  2548   8232
 0.0  5140  2548   8232
 0.0  5140  2548   8232
 0.0  5140  2548   8232
 0.0  5140  2548   8232
 0.0  5140  2548   8232
 0.0  5140  2548   8232
 0.0  5140  2548   8232
 0.0  5140  2548   8232
 0.0  5140  2548   8232
 0.0  5140  2548   8232
 0.0  5140  2548   8232
 0.0  5140  2548   8232
 0.0  5140  2548   8232
 0.0  5140  2548   8232
 0.0  5140  2548   8232
 0.0  5140  2548   8232
 0.0  5140  2548   8232
 0.0  5140  2548   8232
 0.0  5140  2548   8232
 0.0  5140  2548   8232
 0.0  5140  2548   8232
 0.0  5140  2548   8232
 0.0  5140  2548   8232
 0.0  5140  2548   8232
 0.0  5140  2548   8232
 0.0  5140  2548   8232
 0.0  5140  2548   8232
 0.0  5140  2548   8232
 0.0  5140  2548   8232
 0.0  5140  2548   8232
 0.0  5140  2548   8232
 0.0  5140  2548   8232
 0.0  5140  2548   8232
 0.0  5140  2548   8232
 0.0  5140  2548   8232
 0.0  5140  2548   8232
 0.0  5140  2548   8232
 0.0  5140  2548   8232
 0.0  5140  2548   8232
 0.0  5140  2548   8232
 0.0  5140  2548   8232
 0.0  5140  2548   8232
 0.0  5140  2548   8232
 0.0  5140  2548   8232
 0.0  5140  2548   8232
 0.0  5140  2548   8232
 0.0  5140  2548   8232
 0.0  5140  2548   8232
 0.0  5140  2548   8232
 0.0  5140  2548   8232
 0.0  5140  2548   8232
 0.0  5140  2548   8232
 0.0  5140  2548   8232
 0.0  5140  2548   8232
 0.0  5140  2548   8232
 0.0  5140  2548   8232
 0.0  5140  2548   8232
 0.0  5140  2548   8232
 0.0  5140  2548   8232
 0.0  5140  2548   8232
 0.0  5140  2548   8232
 0.0  5140  2548   8232
 0.0  5140  2548   8232
 0.0  5140  2548   8232
 0.0  5140  2548   8232
 0.0  5140  2548   8232
 0.0  5140  2548   8232
 0.0  5140  2548   8232
 0.0  5140  2548   8232
 0.0  5140  2548   8232
 0.0  5140  2548   8232
 0.0  5140  2548   8232
 0.0  5140  2548   8232
 0.0  5140  2548   8232
 0.0  5140  2548   8232
 0.0  5140  2548   8232
 0.0  5140  2548   8232
 0.0  5140  2548   8232
 0.0  5140  2548   8232
 0.0  5140  2548   8232
 0.0  5140  2548   8232
 0.0  5140  2548   8232
 0.0  5140  2548   8232
 0.0  5140  2548   8232
 0.0  5140  2548   8232
 0.0  5140  2548   8232
 0.0  5140  2548   8232
 0.0  5140  2548   8232
 0.0  5140  2548   8232
 0.0  5140  2548   8232
 0.0  5140  2548   8232
 0.0  5140  2548   8232
 0.0  5140  2548   8232
 0.0  5140  2548   8232
 0.0  5140  2548   8232
 0.0  5140  2548   8232
 0.0  5140  2548   8232
 0.0  5140  2548   8232
 0.0  5140  2548   8232
 0.0  5140  2548   8232
 0.0  5140  2548   8232
 0.0  5140  2548   8232
 0.0  5140  2548   8232
 0.0  5140  2548   8232
 0.0  5140  2548   8232
 0.0  5140  2548   8232
 0.0  5140  2548   8232
 0.0  5140  2548   8232
 0.0  5140  2548   8232
 0.0  5140  2548   8232
 0.0  5140  2548   8232
 0.0  5140  2548   8232
 0.0  5140  2548   8232
 0.0  5140  2548   8232
 0.0  5140  2548   8232
 0.0  5140  2548   8232
 0.0  5140  2548   8232
 0.0  5140  2548   8232
 0.0  5140  2548   8232
 0.0  5140  2548   8232
 0.0  5140  2548   8232
 0.0  5140  2548   8232
 0.0  5140  2548   8232
 0.0  5140  2548   8232
 0.0  5140  2548   8232
 0.0  5140  2548   8232
 0.0  5140  2548   8232
 0.0  5140  2548   8232
 0.0  5140  2548   8232
 0.0  5140  2548   8232
 0.0  5140  2548   8232
 0.0  5140  2548   8232
 0.0  5140  2548   8232
 0.0  5140  2548   8232
 0.0  5140  2548   8232
 0.0  5140  2548   8232
 0.0  5140  2548   8232
 0.0  5140  2548   8232
 0.0  5140  2548   8232
 0.0  5140  2548   8232
 0.0  5140  2548   8232
 0.0  5140  2548   8232
 0.0  5140  2548   8232
 0.0  5140  2548   8232
 0.0  5140  2548   8232
 0.0  5140  2548   8232
 0.0  5140  2548   8232
 0.0  5140  2548   8232
 0.0  5140  2548   8232
 0.0  5140  2548   8232
 0.0  5140  2548   8232
 0.0  5140  2548   8232
 0.0  5140  2548   8232
 0.0  5140  2548   8232
 0.0  5140  2548   8232
 0.0  5140  2548   8232
 0.0  5140  2548   8232
 0.0  5140  2548   8232
 0.0  5140  2548   8232
 0.0  5140  2548   8232
 0.0  5140  2548   8232
 0.0  5140  2548   8232
 0.0  5140  2548   8232
 0.0  5140  2548   8232
 0.0  5140  2548   8232
 0.0  5140  2548   8232
 0.0  5140  2548   8232
 0.0  5140  2548   8232
 0.0  5140  2548   8232
 0.0  5140  2548   8232
 0.0  5140  2548   8232
 0.0  5140  2548   8232
 0.0  5140  2548   8232
 0.0  5140  2548   8232
 0.0  5140  2548   8232
 0.0  5140  2548   8232
 0.0  5140  2548   8232
 0.0  5140  2548   8232
 0.0  5140  2548   8232
 0.0  5140  2548   8232
 0.0  5140  2548   8232
 0.0  5140  2548   8232
 0.0  5140  2548   8232
 0.0  5140  2548   8232
 0.0  5140  2548   8232
 0.0  5140  2548   8232
 0.0  5140  2548   8232
 0.0  5140  2548   8232
 0.0  5140  2548   8232
 0.0  5140  2548   8232
 0.0  5140  2548   8232
 0.0  5140  2548   8232
 0.0  5140  2548   8232
 0.0  5140  2548   8232
 0.0  5140  2548   8232
 0.0  5140  2548   8232
 0.0  5140  2548   8232
 0.0  5140  2548   8232
 0.0  5140  2548   8232
 0.0  5140  2548   8232
 0.0  5140  2548   8232
 0.0  5140  2548   8232
 0.0  5140  2548   8232
 0.0  5140  2548   8232
 0.0  5140  2548   8232
 0.0  5140  2548   8232
 0.0  5140  2548   8232
 0.0  5140  2548   8232
 0.0  5140  2548   8232
 0.0  5140  2548   8232
 0.0  5140  2548   8232
 0.0  5140  2548   8232
 0.0  5140  2548   8232
 0.0  5140  2548   8232
 0.0  5140  2548   8232
 0.0  5140  2548   8232
 0.0  5140  2548   8232
 0.0  5140  2548   8232
 0.0  5140  2548   8232
 0.0  5140  2548   8232
 0.0  5140  2548   8232
 0.0  5140  2548   8232
 0.0  5140  2548   8232
 0.0  5140  2548   8232
 0.0  5140  2548   8232
 0.0  5140  2548   8232
 0.0  5140  2548   8232
 0.0  5140  2548   8232
 0.0  5140  2548   8232
 0.0  5140  2548   8232
 0.0  5140  2548   8232
 0.0  5140  2548   8232
 0.0  5140  2548   8232
 0.0  5140  2548   8232
 0.0  5140  2548   8232
 0.0  5140  2548   8232
 0.0  5140  2548   8232
 0.0  5140  2548   8232
 0.0  5140  2548   8232
 0.0  5140  2548   8232
 0.0  5140  2548   8232
 0.0  5140  2548   8232
 0.0  5140  2548   8232
 0.0  5140  2548   8232
 0.0  5140  2548   8232
 0.0  5140  2548   8232
 0.0  5140  2548   8232
 0.0  5140  2548   8232
 0.0  5140  2548   8232
 0.0  5140  2548   8232
 0.0  5140  2548   8232
 0.0  5140  2548   8232
 0.0  5140  2548   8232
 0.0  5140  2548   8232
 0.0  5140  2548   8232
 0.0  5140  2548   8232
 0.0  5140  2548   8232
 0.0  5140  2548   8232
 0.0  5140  2548   8232
 0.0  5140  2548   8232
 0.0  5140  2548   8232
 0.0  5140  2548   8232
 0.0  5140  2548   8232
 0.0  5140  2548   8232
 0.0  5140  2548   8232
 0.0  5140  2548   8232
 0.0  5140  2548   8232
 0.0  5140  2548   8232
 0.0  5140  2548   8232
 0.0  5140  2548   8232
 0.0  5140  2548   8232
 0.0  5140  2548   8232
 0.0  5140  2548   8232
 0.0  5140  2548   8232
 0.0  5140  2548   8232
 0.0  5140  2548   8232
 0.0  5140  2548   8232
 0.0  5140  2548   8232
 0.0  5140  2548   8232
 0.0  5140  2548   8232
 0.0  5140  2548   8232
 0.0  5140  2548   8232
 0.0  5140  2548   8232
 0.0  5140  2548   8232
 0.0  5140  2548   8232
 0.0  5140  2548   8232
 0.0  5140  2548   8232
 0.0  5140  2548   8232
 0.0  5140  2548   8232
 0.0  5140  2548   8232
 0.0  5140  2548   8232
 0.0  5140  2548   8232
 0.0  5140  2548   8232
 0.0  5140  2548   8232
 0.0  5140  2548   8232
 0.0  5140  2548   8232
 0.0  5140  2548   8232
 0.0  5140  2548   8232
 0.0  5140  2548   8232
 0.0  5140  2548   8232
 0.0  5140  2548   8232
 0.0  5140  2548   8232
 0.0  5140  2548   8232
 0.0  5140  2548   8232
 0.0  5140  2548   8232
 0.0  5140  2548   8232
 0.0  5140  2548   8232
 0.0  5140  2548   8232
 0.0  5140  2548   8232
 0.0  5140  2548   8232
 0.0  5140  2548   8232
 0.0  5140  2548   8232
 0.0  5140  2548   8232
 0.0  5140  2548   8232
 0.0  5140  2548   8232
 0.0  5140  2548   8232
 0.0  5140  2548   8232
 0.0  5140  2548   8232
 0.0  5140  2548   8232
 0.0  5140  2548   8232
 0.0  5140  2548   8232
 0.0  5140  2548   8232
 0.0  5140  2548   8232
 0.0  5140  2548   8232
 0.0  5140  2548   8232
 0.0  5140  2548   8232
 0.0  5140  2548   8232
 0.0  5140  2548   8232
 0.0  5140  2548   8232
 0.0  5140  2548   8232
 0.0  5140  2548   8232
 0.0  5140  2548   8232
 0.0  5140  2548   8232
 0.0  5140  2548   8232
 0.0  5140  2548   8232
 0.0  5140  2548   8232
 0.0  5140  2548   8232
 0.0  5140  2548   8232
 0.0  5140  2548   8232
 0.0  5140  2548   8232
 0.0  5140  2548   8232
 0.0  5140  2548   8232
 0.0  5140  2548   8232
 0.0  5140  2548   8232
 0.0  5140  2548   8232
 0.0  5140  2548   8232
 0.0  5140  2548   8232
 0.0  5140  2548   8232
 0.0  5140  2548   8232
 0.0  5140  2548   8232
 0.0  5140  2548   8232
 0.0  5140  2548   8232
 0.0  5140  2548   8232
 0.0  5140  2548   8232
 0.0  5140  2548   8232
 0.0  5140  2548   8232
 0.0  5140  2548   8232
 0.0  5140  2548   8232
 0.0  5140  2548   8232
 0.0  5140  2548   8232
 0.0  5140  2548   8232
 0.0  5140  2548   8232
 0.0  5140  2548   8232
 0.0  5140  2548   8232
 0.0  5140  2548   8232
 0.0  5140  2548   8232
 0.0  5140  2548   8232
 0.0  5140  2548   8232
 0.0  5140  2548   8232
 0.0  5140  2548   8232
 0.0  5140  2548   8232
 0.0  5140  2548   8232
 0.0  5140  2548   8232
 0.0  5140  2548   8232
 0.0  5140  2548   8232
 0.0  5140  2548   8232
 0.0  5140  2548   8232
 0.0  5140  2548   8232
 0.0  5140  2548   8232
 0.0  5140  2548   8232
 0.0  5140  2548   8232
 0.0  5140  2548   8232
 0.0  5140  2548   8232
 0.0  5140  2548   8232
 0.0  5140  2548   8232
 0.0  5140  2548   8232
 0.0  5140  2548   8232
 0.0  5140  2548   8232
 0.0  5140  2548   8232
 0.0  5140  2548   8232
 0.0  5140  2548   8232
 0.0  5140  2548   8232
 0.0  5140  2548   8232
 0.0  5140  2548   8232
 0.0  5140  2548   8232
 0.0  5140  2548   8232
 0.0  5140  2548   8232
 0.0  5140  2548   8232
 0.0  5140  2548   8232
 0.0  5140  2548   8232
 0.0  5140  2548   8232
 0.0  5140  2548   8232
 0.0  5140  2548   8232
 0.0  5140  2548   8232
 0.0  5140  2548   8232
 0.0  5140  2548   8232
 0.0  5140  2548   8232
 0.0  5140  2548   8232
 0.0  5140  2548   8232
 0.0  5140  2548   8232
 0.0  5140  2548   8232
 0.0  5140  2548   8232
 0.0  5140  2548   8232
 0.0  5140  2548   8232
 0.0  5140  2548   8232
 0.0  5140  2548   8232
 0.0  5140  2548   8232
 0.0  5140  2548   8232
 0.0  5140  2548   8232
 0.0  5140  2548   8232
 0.0  5140  2548   8232
 0.0  5140  2548   8232
 0.0  5140  2548   8232
 0.0  5140  2548   8232
 0.0  5140  2548   8232
 0.0  5140  2548   8232
 0.0  5140  2548   8232
 0.0  5140  2548   8232
 0.0  5140  2548   8232
 0.0  5140  2548   8232
 0.0  5140  2548   8232
 0.0  5140  2548   8232
 0.0  5140  2548   8232
 0.0  5140  2548   8232
 0.0  5140  2548   8232
 0.0  5140  2548   8232
 0.0  5140  2548   8232
 0.0  5140  2548   8232
